6 0.4712171052631579 0.20888157894736842 0.3717105263157895 0.24342105263157895
5 0.47286184210526316 0.13898026315789475 0.35526315789473684 0.027960526315789474
5 0.47368421052631576 0.16200657894736842 0.35855263157894735 0.024671052631578948
5 0.47286184210526316 0.18421052631578946 0.35855263157894735 0.024671052631578948
5 0.4712171052631579 0.20641447368421054 0.35855263157894735 0.02631578947368421
5 0.4720394736842105 0.2294407894736842 0.3569078947368421 0.02631578947368421
5 0.47039473684210525 0.25082236842105265 0.3569078947368421 0.02631578947368421
5 0.4712171052631579 0.2730263157894737 0.35526315789473684 0.02631578947368421
5 0.4712171052631579 0.29605263157894735 0.3569078947368421 0.02631578947368421
4 0.9605263157894737 0.039473684210526314 0.019736842105263157 0.018092105263157895
0 0.14473684210526316 0.34786184210526316 0.1875 0.023026315789473683
0 0.14638157894736842 0.3725328947368421 0.1924342105263158 0.024671052631578948
0 0.1455592105263158 0.3972039473684211 0.18914473684210525 0.02138157894736842
0 0.1455592105263158 0.42023026315789475 0.1875 0.02138157894736842
0 0.14638157894736842 0.4457236842105263 0.1875 0.024671052631578948
0 0.14391447368421054 0.46957236842105265 0.1875 0.02138157894736842
0 0.14473684210526316 0.4934210526315789 0.19078947368421054 0.023026315789473683
0 0.14391447368421054 0.5172697368421053 0.18421052631578946 0.019736842105263157
0 0.14309210526315788 0.5419407894736842 0.18421052631578946 0.024671052631578948
0 0.14309210526315788 0.5666118421052632 0.18585526315789475 0.02138157894736842
0 0.14391447368421054 0.5896381578947368 0.1825657894736842 0.023026315789473683
0 0.14144736842105263 0.6151315789473685 0.18585526315789475 0.02138157894736842
0 0.140625 0.6389802631578947 0.19078947368421054 0.02138157894736842
0 0.14473684210526316 0.662828947368421 0.19572368421052633 0.02138157894736842
0 0.13815789473684212 0.6866776315789473 0.18585526315789475 0.02138157894736842
0 0.13980263157894737 0.712171052631579 0.1875 0.018092105263157895
0 0.13815789473684212 0.7368421052631579 0.18421052631578946 0.02138157894736842
0 0.13898026315789475 0.7598684210526315 0.1875 0.02138157894736842
0 0.13898026315789475 0.7837171052631579 0.19078947368421054 0.023026315789473683
0 0.1356907894736842 0.8083881578947368 0.1924342105263158 0.024671052631578948
0 0.13651315789473684 0.8330592105263158 0.19736842105263158 0.02138157894736842
0 0.13651315789473684 0.8560855263157895 0.19736842105263158 0.023026315789473683
0 0.1356907894736842 0.8807565789473685 0.19407894736842105 0.02138157894736842
0 0.1356907894736842 0.9037828947368421 0.19572368421052633 0.024671052631578948
0 0.13651315789473684 0.9292763157894737 0.1924342105263158 0.023026315789473683
0 0.375 0.3503289473684211 0.19078947368421054 0.027960526315789474
0 0.375 0.37664473684210525 0.19407894736842105 0.023026315789473683
0 0.375 0.3996710526315789 0.19736842105263158 0.023026315789473683
0 0.3725328947368421 0.4243421052631579 0.19736842105263158 0.023026315789473683
0 0.37088815789473684 0.44901315789473684 0.1924342105263158 0.02138157894736842
0 0.37417763157894735 0.47368421052631576 0.19901315789473684 0.024671052631578948
0 0.3725328947368421 0.4975328947368421 0.19901315789473684 0.023026315789473683
0 0.37006578947368424 0.5213815789473685 0.19572368421052633 0.024671052631578948
0 0.3692434210526316 0.5452302631578947 0.19901315789473684 0.02138157894736842
0 0.37006578947368424 0.5699013157894737 0.19901315789473684 0.02138157894736842
0 0.37006578947368424 0.59375 0.19572368421052633 0.023026315789473683
0 0.3667763157894737 0.618421052631579 0.20230263157894737 0.023026315789473683
0 0.3667763157894737 0.6430921052631579 0.20230263157894737 0.024671052631578948
0 0.3651315789473684 0.6677631578947368 0.20888157894736842 0.023026315789473683
0 0.3651315789473684 0.6916118421052632 0.20888157894736842 0.02138157894736842
0 0.3659539473684211 0.7154605263157895 0.20559210526315788 0.02138157894736842
0 0.36430921052631576 0.7393092105263158 0.20559210526315788 0.023026315789473683
0 0.3651315789473684 0.7639802631578947 0.20723684210526316 0.023026315789473683
0 0.36430921052631576 0.787828947368421 0.20888157894736842 0.023026315789473683
0 0.35773026315789475 0.8125 0.20065789473684212 0.023026315789473683
0 0.3626644736842105 0.8379934210526315 0.20065789473684212 0.02631578947368421
0 0.36430921052631576 0.8626644736842105 0.20065789473684212 0.023026315789473683
0 0.3651315789473684 0.8856907894736842 0.20394736842105263 0.02138157894736842
0 0.3618421052631579 0.9095394736842105 0.20230263157894737 0.02138157894736842
0 0.3618421052631579 0.9325657894736842 0.20394736842105263 0.023026315789473683
0 0.6060855263157895 0.3560855263157895 0.1924342105263158 0.024671052631578948
0 0.6044407894736842 0.3807565789473684 0.19407894736842105 0.02138157894736842
0 0.6060855263157895 0.40460526315789475 0.19901315789473684 0.024671052631578948
0 0.6077302631578947 0.4292763157894737 0.19736842105263158 0.019736842105263157
0 0.6052631578947368 0.453125 0.19572368421052633 0.023026315789473683
0 0.6036184210526315 0.4769736842105263 0.19407894736842105 0.024671052631578948
0 0.6019736842105263 0.5016447368421053 0.19736842105263158 0.023026315789473683
0 0.600328947368421 0.5254934210526315 0.19572368421052633 0.023026315789473683
0 0.6019736842105263 0.5501644736842105 0.19572368421052633 0.023026315789473683
0 0.5995065789473685 0.5756578947368421 0.19901315789473684 0.02138157894736842
0 0.6019736842105263 0.5978618421052632 0.20065789473684212 0.023026315789473683
0 0.6011513157894737 0.6233552631578947 0.19901315789473684 0.023026315789473683
0 0.6019736842105263 0.647203947368421 0.19407894736842105 0.023026315789473683
0 0.6036184210526315 0.6710526315789473 0.19736842105263158 0.02138157894736842
0 0.602796052631579 0.6949013157894737 0.19572368421052633 0.023026315789473683
0 0.5995065789473685 0.7203947368421053 0.1924342105263158 0.02631578947368421
0 0.602796052631579 0.7450657894736842 0.19572368421052633 0.02138157894736842
0 0.600328947368421 0.7689144736842105 0.1875 0.02138157894736842
0 0.600328947368421 0.7927631578947368 0.19078947368421054 0.023026315789473683
0 0.6019736842105263 0.8166118421052632 0.19901315789473684 0.023026315789473683
0 0.5986842105263158 0.8421052631578947 0.19407894736842105 0.024671052631578948
0 0.6011513157894737 0.865953947368421 0.20065789473684212 0.02138157894736842
0 0.5995065789473685 0.8889802631578947 0.19901315789473684 0.023026315789473683
0 0.5970394736842105 0.912828947368421 0.19901315789473684 0.023026315789473683
0 0.5970394736842105 0.9383223684210527 0.1924342105263158 0.023026315789473683
0 0.8445723684210527 0.359375 0.19407894736842105 0.023026315789473683
0 0.8421052631578947 0.3840460526315789 0.19407894736842105 0.023026315789473683
0 0.8412828947368421 0.4087171052631579 0.19407894736842105 0.02138157894736842
0 0.8379934210526315 0.43256578947368424 0.18914473684210525 0.023026315789473683
0 0.8379934210526315 0.45723684210526316 0.19407894736842105 0.023026315789473683
0 0.8396381578947368 0.4810855263157895 0.1924342105263158 0.023026315789473683
0 0.8363486842105263 0.5057565789473685 0.1924342105263158 0.02631578947368421
0 0.8379934210526315 0.53125 0.19736842105263158 0.02138157894736842
0 0.837171052631579 0.5550986842105263 0.1924342105263158 0.02138157894736842
0 0.8363486842105263 0.5789473684210527 0.19078947368421054 0.027960526315789474
0 0.8363486842105263 0.6044407894736842 0.1924342105263158 0.024671052631578948
0 0.8396381578947368 0.6266447368421053 0.19901315789473684 0.019736842105263157
0 0.837171052631579 0.6504934210526315 0.19736842105263158 0.023026315789473683
0 0.8338815789473685 0.6768092105263158 0.19572368421052633 0.023026315789473683
0 0.8355263157894737 0.7014802631578947 0.19572368421052633 0.023026315789473683
0 0.8363486842105263 0.7236842105263158 0.19572368421052633 0.023026315789473683
0 0.834703947368421 0.7475328947368421 0.19736842105263158 0.023026315789473683
0 0.8396381578947368 0.7705592105263158 0.20394736842105263 0.024671052631578948
0 0.837171052631579 0.7976973684210527 0.19736842105263158 0.023026315789473683
0 0.8330592105263158 0.821546052631579 0.19736842105263158 0.023026315789473683
0 0.834703947368421 0.8453947368421053 0.19078947368421054 0.023026315789473683
0 0.8305921052631579 0.8692434210526315 0.1924342105263158 0.02138157894736842
0 0.8330592105263158 0.8939144736842105 0.19572368421052633 0.02138157894736842
0 0.8314144736842105 0.9177631578947368 0.1924342105263158 0.023026315789473683
0 0.8338815789473685 0.9424342105263158 0.19572368421052633 0.023026315789473683