6 0.4662828947368421 0.20970394736842105 0.3684210526315789 0.23684210526315788
5 0.4662828947368421 0.13980263157894737 0.35526315789473684 0.023026315789473683
5 0.46792763157894735 0.16282894736842105 0.35855263157894735 0.019736842105263157
5 0.46710526315789475 0.18503289473684212 0.35855263157894735 0.019736842105263157
5 0.4662828947368421 0.20723684210526316 0.35855263157894735 0.019736842105263157
5 0.46710526315789475 0.23026315789473684 0.35526315789473684 0.019736842105263157
5 0.4662828947368421 0.25164473684210525 0.3569078947368421 0.019736842105263157
5 0.46710526315789475 0.2738486842105263 0.35526315789473684 0.019736842105263157
5 0.46792763157894735 0.296875 0.35526315789473684 0.019736842105263157
4 0.9523026315789473 0.03125 0.019736842105263157 0.018092105263157895
0 0.14226973684210525 0.35444078947368424 0.1875 0.019736842105263157
0 0.14391447368421054 0.37911184210526316 0.19078947368421054 0.019736842105263157
0 0.14391447368421054 0.4037828947368421 0.1875 0.019736842105263157
0 0.14391447368421054 0.42680921052631576 0.1875 0.019736842105263157
0 0.1455592105263158 0.45230263157894735 0.1875 0.02138157894736842
0 0.14309210526315788 0.4761513157894737 0.1875 0.018092105263157895
0 0.14473684210526316 0.5 0.19078947368421054 0.019736842105263157
0 0.14391447368421054 0.5238486842105263 0.18421052631578946 0.01644736842105263
0 0.14391447368421054 0.5485197368421053 0.18421052631578946 0.02138157894736842
0 0.14391447368421054 0.5731907894736842 0.18585526315789475 0.019736842105263157
0 0.1455592105263158 0.5962171052631579 0.1825657894736842 0.019736842105263157
0 0.14391447368421054 0.6217105263157895 0.18585526315789475 0.019736842105263157
0 0.14309210526315788 0.6455592105263158 0.19078947368421054 0.018092105263157895
0 0.14802631578947367 0.6694078947368421 0.19407894736842105 0.01644736842105263
0 0.14144736842105263 0.6932565789473685 0.18585526315789475 0.019736842105263157
0 0.14391447368421054 0.71875 0.1875 0.01644736842105263
0 0.14226973684210525 0.743421052631579 0.18421052631578946 0.018092105263157895
0 0.14391447368421054 0.7664473684210527 0.1875 0.018092105263157895
0 0.14391447368421054 0.790296052631579 0.19078947368421054 0.019736842105263157
0 0.14144736842105263 0.8149671052631579 0.1924342105263158 0.019736842105263157
0 0.14226973684210525 0.8396381578947368 0.19736842105263158 0.01644736842105263
0 0.14309210526315788 0.8626644736842105 0.19736842105263158 0.019736842105263157
0 0.14226973684210525 0.8873355263157895 0.19407894736842105 0.01644736842105263
0 0.14309210526315788 0.9103618421052632 0.19407894736842105 0.019736842105263157
0 0.14391447368421054 0.9358552631578947 0.1924342105263158 0.019736842105263157
0 0.3725328947368421 0.3527960526315789 0.19078947368421054 0.024671052631578948
0 0.3725328947368421 0.37911184210526316 0.19407894736842105 0.019736842105263157
0 0.37335526315789475 0.40213815789473684 0.19736842105263158 0.019736842105263157
0 0.37088815789473684 0.42680921052631576 0.19736842105263158 0.019736842105263157
0 0.37006578947368424 0.45148026315789475 0.1924342105263158 0.01644736842105263
0 0.37335526315789475 0.4761513157894737 0.19736842105263158 0.019736842105263157
0 0.3725328947368421 0.5 0.19901315789473684 0.019736842105263157
0 0.37006578947368424 0.5238486842105263 0.19572368421052633 0.02138157894736842
0 0.37006578947368424 0.5476973684210527 0.19736842105263158 0.018092105263157895
0 0.3717105263157895 0.5723684210526315 0.19901315789473684 0.01644736842105263
0 0.3717105263157895 0.5962171052631579 0.19572368421052633 0.019736842105263157
0 0.3692434210526316 0.6208881578947368 0.20065789473684212 0.019736842105263157
0 0.3692434210526316 0.6455592105263158 0.20230263157894737 0.02138157894736842
0 0.3684210526315789 0.6702302631578947 0.20723684210526316 0.019736842105263157
0 0.3684210526315789 0.694078947368421 0.20723684210526316 0.01644736842105263
0 0.37006578947368424 0.7179276315789473 0.20394736842105263 0.018092105263157895
0 0.3684210526315789 0.7417763157894737 0.20394736842105263 0.019736842105263157
0 0.37006578947368424 0.7664473684210527 0.20723684210526316 0.019736842105263157
0 0.3692434210526316 0.790296052631579 0.20723684210526316 0.019736842105263157
0 0.36348684210526316 0.8149671052631579 0.20065789473684212 0.019736842105263157
0 0.3684210526315789 0.8404605263157895 0.20065789473684212 0.023026315789473683
0 0.37088815789473684 0.8651315789473685 0.20065789473684212 0.019736842105263157
0 0.3717105263157895 0.8881578947368421 0.20394736842105263 0.01644736842105263
0 0.3692434210526316 0.9120065789473685 0.20230263157894737 0.01644736842105263
0 0.3692434210526316 0.9350328947368421 0.20394736842105263 0.019736842105263157
0 0.6036184210526315 0.35444078947368424 0.1924342105263158 0.019736842105263157
0 0.6019736842105263 0.37911184210526316 0.19407894736842105 0.018092105263157895
0 0.6044407894736842 0.4029605263157895 0.19901315789473684 0.02138157894736842
0 0.6060855263157895 0.4276315789473684 0.19736842105263158 0.01644736842105263
0 0.6044407894736842 0.45148026315789475 0.19572368421052633 0.019736842105263157
0 0.602796052631579 0.4753289473684211 0.19407894736842105 0.02138157894736842
0 0.6019736842105263 0.5 0.19736842105263158 0.019736842105263157
0 0.6011513157894737 0.5238486842105263 0.19572368421052633 0.019736842105263157
0 0.602796052631579 0.5485197368421053 0.19572368421052633 0.019736842105263157
0 0.6011513157894737 0.5740131578947368 0.19901315789473684 0.01644736842105263
0 0.6036184210526315 0.5962171052631579 0.20065789473684212 0.019736842105263157
0 0.6036184210526315 0.6217105263157895 0.19901315789473684 0.019736842105263157
0 0.6044407894736842 0.6455592105263158 0.19407894736842105 0.019736842105263157
0 0.6069078947368421 0.6694078947368421 0.19736842105263158 0.018092105263157895
0 0.6060855263157895 0.6932565789473685 0.19572368421052633 0.019736842105263157
0 0.6036184210526315 0.71875 0.1924342105263158 0.023026315789473683
0 0.6069078947368421 0.743421052631579 0.19572368421052633 0.01644736842105263
0 0.6052631578947368 0.7672697368421053 0.1875 0.018092105263157895
0 0.6052631578947368 0.7911184210526315 0.19078947368421054 0.019736842105263157
0 0.6077302631578947 0.8149671052631579 0.19736842105263158 0.019736842105263157
0 0.6044407894736842 0.8404605263157895 0.19407894736842105 0.02138157894736842
0 0.6077302631578947 0.8643092105263158 0.20065789473684212 0.018092105263157895
0 0.6060855263157895 0.8873355263157895 0.19901315789473684 0.019736842105263157
0 0.6044407894736842 0.9111842105263158 0.19736842105263158 0.019736842105263157
0 0.6044407894736842 0.9366776315789473 0.19078947368421054 0.019736842105263157
0 0.8421052631578947 0.3536184210526316 0.19407894736842105 0.019736842105263157
0 0.8396381578947368 0.3782894736842105 0.19407894736842105 0.019736842105263157
0 0.8396381578947368 0.4029605263157895 0.19407894736842105 0.01644736842105263
0 0.837171052631579 0.42680921052631576 0.1875 0.019736842105263157
0 0.837171052631579 0.45148026315789475 0.19407894736842105 0.019736842105263157
0 0.8396381578947368 0.4753289473684211 0.19078947368421054 0.019736842105263157
0 0.8363486842105263 0.5 0.1924342105263158 0.023026315789473683
0 0.8388157894736842 0.5254934210526315 0.19736842105263158 0.018092105263157895
0 0.8379934210526315 0.5493421052631579 0.1924342105263158 0.018092105263157895
0 0.8379934210526315 0.5731907894736842 0.19078947368421054 0.023026315789473683
0 0.8379934210526315 0.5986842105263158 0.19078947368421054 0.02138157894736842
0 0.8421052631578947 0.6208881578947368 0.19736842105263158 0.01644736842105263
0 0.8396381578947368 0.6447368421052632 0.19736842105263158 0.019736842105263157
0 0.837171052631579 0.6710526315789473 0.19407894736842105 0.019736842105263157
0 0.8388157894736842 0.6957236842105263 0.19407894736842105 0.019736842105263157
0 0.8404605263157895 0.7179276315789473 0.19572368421052633 0.019736842105263157
0 0.8388157894736842 0.7417763157894737 0.19736842105263158 0.019736842105263157
0 0.8445723684210527 0.7648026315789473 0.20394736842105263 0.019736842105263157
0 0.8421052631578947 0.7919407894736842 0.19736842105263158 0.019736842105263157
0 0.8388157894736842 0.8157894736842105 0.19736842105263158 0.019736842105263157
0 0.8404605263157895 0.8396381578947368 0.19078947368421054 0.019736842105263157
0 0.837171052631579 0.8634868421052632 0.19078947368421054 0.018092105263157895
0 0.8396381578947368 0.8881578947368421 0.19407894736842105 0.018092105263157895
0 0.8388157894736842 0.9120065789473685 0.1924342105263158 0.019736842105263157
0 0.8412828947368421 0.9366776315789473 0.19572368421052633 0.019736842105263157