0 0.15953947368421054 0.15789473684210525 0.18092105263157895 0.023848684210526317
0 0.15871710526315788 0.18338815789473684 0.18421052631578946 0.019736842105263157
0 0.15871710526315788 0.20723684210526316 0.18338815789473684 0.018914473684210526
0 0.16036184210526316 0.23190789473684212 0.18667763157894737 0.018914473684210526
0 0.15625 0.2557565789473684 0.19161184210526316 0.019736842105263157
0 0.15953947368421054 0.27960526315789475 0.1924342105263158 0.02055921052631579
0 0.15871710526315788 0.3034539473684211 0.1924342105263158 0.019736842105263157
0 0.15542763157894737 0.328125 0.1924342105263158 0.019736842105263157
0 0.15542763157894737 0.3519736842105263 0.18914473684210525 0.019736842105263157
0 0.15871710526315788 0.37664473684210525 0.18585526315789475 0.02055921052631579
0 0.15707236842105263 0.40131578947368424 0.18503289473684212 0.018914473684210526
0 0.15953947368421054 0.42351973684210525 0.18996710526315788 0.01644736842105263
0 0.15953947368421054 0.44819078947368424 0.18174342105263158 0.019736842105263157
0 0.15789473684210525 0.47368421052631576 0.18996710526315788 0.018914473684210526
0 0.15707236842105263 0.4975328947368421 0.18667763157894737 0.018092105263157895
0 0.15789473684210525 0.5205592105263158 0.18914473684210525 0.018914473684210526
0 0.15871710526315788 0.5452302631578947 0.18585526315789475 0.019736842105263157
0 0.15953947368421054 0.5699013157894737 0.19161184210526316 0.018914473684210526
0 0.15707236842105263 0.5945723684210527 0.19161184210526316 0.02138157894736842
0 0.15625 0.618421052631579 0.18174342105263158 0.018092105263157895
0 0.15953947368421054 0.6422697368421053 0.18585526315789475 0.017269736842105265
0 0.15542763157894737 0.6669407894736842 0.18832236842105263 0.017269736842105265
0 0.15625 0.6916118421052632 0.19161184210526316 0.018092105263157895
0 0.15707236842105263 0.7154605263157895 0.18667763157894737 0.019736842105263157
0 0.15542763157894737 0.7384868421052632 0.19078947368421054 0.022203947368421052
0 0.38898026315789475 0.7393092105263158 0.1924342105263158 0.019736842105263157
0 0.38898026315789475 0.7146381578947368 0.19572368421052633 0.02138157894736842
0 0.3873355263157895 0.15707236842105263 0.19572368421052633 0.02055921052631579
0 0.38651315789473684 0.1825657894736842 0.19407894736842105 0.018092105263157895
0 0.38898026315789475 0.20723684210526316 0.19490131578947367 0.019736842105263157
0 0.3873355263157895 0.23108552631578946 0.19407894736842105 0.018092105263157895
0 0.38898026315789475 0.25493421052631576 0.19325657894736842 0.018092105263157895
0 0.38898026315789475 0.27960526315789475 0.19572368421052633 0.017269736842105265
0 0.38651315789473684 0.3034539473684211 0.19572368421052633 0.018092105263157895
0 0.3848684210526316 0.328125 0.19407894736842105 0.018092105263157895
0 0.38651315789473684 0.3511513157894737 0.19078947368421054 0.018092105263157895
0 0.3881578947368421 0.37582236842105265 0.1924342105263158 0.018914473684210526
0 0.38898026315789475 0.4004934210526316 0.19078947368421054 0.017269736842105265
0 0.38898026315789475 0.4243421052631579 0.18996710526315788 0.018914473684210526
0 0.3873355263157895 0.44819078947368424 0.19325657894736842 0.018092105263157895
0 0.38651315789473684 0.4720394736842105 0.19161184210526316 0.015625
0 0.3873355263157895 0.4975328947368421 0.19161184210526316 0.017269736842105265
0 0.38569078947368424 0.5213815789473685 0.19161184210526316 0.018092105263157895
0 0.38651315789473684 0.5452302631578947 0.18914473684210525 0.019736842105263157
0 0.38569078947368424 0.5699013157894737 0.19078947368421054 0.019736842105263157
0 0.3832236842105263 0.59375 0.19490131578947367 0.017269736842105265
0 0.3873355263157895 0.6175986842105263 0.19161184210526316 0.015625
0 0.3881578947368421 0.6414473684210527 0.19078947368421054 0.017269736842105265
0 0.38651315789473684 0.6661184210526315 0.18832236842105263 0.018092105263157895
0 0.38898026315789475 0.6907894736842105 0.18914473684210525 0.01644736842105263
0 0.625 0.15789473684210525 0.18996710526315788 0.02138157894736842
0 0.8560855263157895 0.15789473684210525 0.18914473684210525 0.019736842105263157
0 0.6233552631578947 0.18174342105263158 0.1875 0.018092105263157895
0 0.8544407894736842 0.1825657894736842 0.18914473684210525 0.019736842105263157
0 0.6225328947368421 0.20559210526315788 0.1875 0.018914473684210526
0 0.8560855263157895 0.20641447368421054 0.1875 0.019736842105263157
0 0.6208881578947368 0.23108552631578946 0.1875 0.019736842105263157
0 0.8552631578947368 0.23026315789473684 0.1875 0.015625
0 0.6217105263157895 0.25411184210526316 0.18832236842105263 0.018092105263157895
0 0.8552631578947368 0.25411184210526316 0.18503289473684212 0.018914473684210526
0 0.6233552631578947 0.27960526315789475 0.19490131578947367 0.018092105263157895
0 0.8560855263157895 0.27960526315789475 0.19078947368421054 0.017269736842105265
0 0.6192434210526315 0.3034539473684211 0.18996710526315788 0.015625
0 0.8569078947368421 0.3034539473684211 0.19325657894736842 0.02055921052631579
0 0.6217105263157895 0.32730263157894735 0.19078947368421054 0.018092105263157895
0 0.8560855263157895 0.32730263157894735 0.18996710526315788 0.017269736842105265
0 0.625 0.3519736842105263 0.1981907894736842 0.02138157894736842
0 0.6217105263157895 0.37582236842105265 0.1924342105263158 0.018092105263157895
0 0.6200657894736842 0.4004934210526316 0.19490131578947367 0.018092105263157895
0 0.6233552631578947 0.42351973684210525 0.19407894736842105 0.017269736842105265
0 0.6258223684210527 0.44901315789473684 0.19572368421052633 0.019736842105263157
0 0.6233552631578947 0.47286184210526316 0.20065789473684212 0.018092105263157895
0 0.625 0.49588815789473684 0.19901315789473684 0.02138157894736842
0 0.6217105263157895 0.5205592105263158 0.19325657894736842 0.018914473684210526
0 0.625 0.5452302631578947 0.19983552631578946 0.02138157894736842
0 0.6258223684210527 0.569078947368421 0.19407894736842105 0.018914473684210526
0 0.6217105263157895 0.59375 0.18914473684210525 0.018092105263157895
0 0.6258223684210527 0.6192434210526315 0.19407894736842105 0.019736842105263157
0 0.6225328947368421 0.6430921052631579 0.19983552631578946 0.018092105263157895
0 0.6200657894736842 0.6669407894736842 0.19161184210526316 0.019736842105263157
0 0.6225328947368421 0.6907894736842105 0.19572368421052633 0.018914473684210526
0 0.618421052631579 0.7154605263157895 0.19325657894736842 0.018914473684210526
0 0.6175986842105263 0.7384868421052632 0.19983552631578946 0.017269736842105265
0 0.8552631578947368 0.3511513157894737 0.18667763157894737 0.018092105263157895
0 0.8536184210526315 0.37582236842105265 0.18503289473684212 0.017269736842105265
0 0.8560855263157895 0.4004934210526316 0.18421052631578946 0.015625
0 0.8577302631578947 0.42351973684210525 0.19161184210526316 0.019736842105263157
0 0.8560855263157895 0.44901315789473684 0.18914473684210525 0.019736842105263157
0 0.8569078947368421 0.47286184210526316 0.18996710526315788 0.019736842105263157
0 0.8560855263157895 0.4975328947368421 0.19078947368421054 0.018092105263157895
0 0.8569078947368421 0.5205592105263158 0.18996710526315788 0.018914473684210526
0 0.8544407894736842 0.5435855263157895 0.19161184210526316 0.019736842105263157
0 0.8544407894736842 0.569078947368421 0.19161184210526316 0.02055921052631579
0 0.8552631578947368 0.59375 0.19161184210526316 0.02055921052631579
0 0.8552631578947368 0.6167763157894737 0.1875 0.017269736842105265
0 0.8552631578947368 0.6414473684210527 0.19572368421052633 0.017269736842105265
0 0.8544407894736842 0.665296052631579 0.19161184210526316 0.018092105263157895
0 0.852796052631579 0.6899671052631579 0.19161184210526316 0.02055921052631579
0 0.8552631578947368 0.7154605263157895 0.19572368421052633 0.018092105263157895
0 0.8569078947368421 0.7393092105263158 0.19407894736842105 0.018914473684210526
7 0.07401315789473684 0.06825657894736842 0.07894736842105263 0.02138157894736842