6 0.5123355263157895 0.18338815789473684 0.3832236842105263 0.2631578947368421
5 0.509046052631579 0.13733552631578946 0.34210526315789475 0.046052631578947366
5 0.509046052631579 0.15953947368421054 0.34375 0.04111842105263158
5 0.5074013157894737 0.18009868421052633 0.34539473684210525 0.04276315789473684
5 0.5057565789473685 0.20230263157894737 0.34375 0.04111842105263158
5 0.5024671052631579 0.22286184210526316 0.34375 0.04111842105263158
5 0.5024671052631579 0.24424342105263158 0.34539473684210525 0.04111842105263158
5 0.5 0.26480263157894735 0.34868421052631576 0.04276315789473684
5 0.49917763157894735 0.2870065789473684 0.34868421052631576 0.04276315789473684
1 0.48519736842105265 0.4621710526315789 0.8305921052631579 0.3223684210526316
3 0.49835526315789475 0.3618421052631579 0.7697368421052632 0.07730263157894737
3 0.4967105263157895 0.3873355263157895 0.7697368421052632 0.0756578947368421
3 0.4967105263157895 0.4120065789473684 0.7730263157894737 0.07401315789473684
3 0.4934210526315789 0.43585526315789475 0.7680921052631579 0.07236842105263158
3 0.4942434210526316 0.4597039473684211 0.7730263157894737 0.07401315789473684
3 0.4901315789473684 0.48273026315789475 0.7680921052631579 0.0756578947368421
3 0.48930921052631576 0.506578947368421 0.7730263157894737 0.07730263157894737
3 0.48601973684210525 0.5296052631578947 0.7697368421052632 0.07236842105263158
3 0.484375 0.5526315789473685 0.7713815789473685 0.07401315789473684
3 0.48273026315789475 0.5756578947368421 0.7697368421052632 0.0756578947368421
2 0.4613486842105263 0.7557565789473685 0.8305921052631579 0.3470394736842105
3 0.4761513157894737 0.6694078947368421 0.7697368421052632 0.0756578947368421
3 0.4745065789473684 0.694078947368421 0.7713815789473685 0.07730263157894737
3 0.4745065789473684 0.7195723684210527 0.7697368421052632 0.07401315789473684
3 0.4720394736842105 0.7417763157894737 0.7664473684210527 0.0756578947368421
3 0.47039473684210525 0.765625 0.7680921052631579 0.0756578947368421
3 0.46875 0.7886513157894737 0.7697368421052632 0.07401315789473684
3 0.4662828947368421 0.8125 0.7697368421052632 0.07730263157894737
3 0.46463815789473684 0.8363486842105263 0.7697368421052632 0.0756578947368421
3 0.46381578947368424 0.8610197368421053 0.7713815789473685 0.0756578947368421
3 0.4605263157894737 0.8832236842105263 0.7680921052631579 0.07401315789473684