6 0.4901315789473684 0.18338815789473684 0.3675986842105263 0.23766447368421054
5 0.48355263157894735 0.13733552631578946 0.34210526315789475 0.022203947368421052
5 0.48519736842105265 0.15953947368421054 0.34292763157894735 0.01644736842105263
5 0.48519736842105265 0.18009868421052633 0.34457236842105265 0.018092105263157895
5 0.48519736842105265 0.20230263157894737 0.34375 0.017269736842105265
5 0.48355263157894735 0.2236842105263158 0.34292763157894735 0.01644736842105263
5 0.484375 0.2450657894736842 0.34539473684210525 0.017269736842105265
5 0.48355263157894735 0.265625 0.34786184210526316 0.018914473684210526
5 0.484375 0.2878289473684211 0.34868421052631576 0.018092105263157895
1 0.48273026315789475 0.4629934210526316 0.8133223684210527 0.265625
3 0.48848684210526316 0.3626644736842105 0.7697368421052632 0.023026315789473683
3 0.48848684210526316 0.3881578947368421 0.7697368421052632 0.022203947368421052
3 0.4909539473684211 0.4128289473684211 0.7730263157894737 0.02055921052631579
3 0.48930921052631576 0.43667763157894735 0.7680921052631579 0.018914473684210526
3 0.4917763157894737 0.4605263157894737 0.7738486842105263 0.019736842105263157
3 0.48930921052631576 0.48355263157894735 0.7689144736842105 0.02138157894736842
3 0.4901315789473684 0.5074013157894737 0.7730263157894737 0.023026315789473683
3 0.48848684210526316 0.5304276315789473 0.7705592105263158 0.018914473684210526
3 0.48848684210526316 0.553453947368421 0.7713815789473685 0.02055921052631579
3 0.4876644736842105 0.5764802631578947 0.7705592105263158 0.022203947368421052
2 0.47944078947368424 0.7582236842105263 0.8125 0.2902960526315789
3 0.4876644736842105 0.6710526315789473 0.7705592105263158 0.022203947368421052
3 0.48848684210526316 0.6957236842105263 0.772203947368421 0.023026315789473683
3 0.4901315789473684 0.7203947368421053 0.7697368421052632 0.02055921052631579
3 0.48930921052631576 0.743421052631579 0.7672697368421053 0.02138157894736842
3 0.48930921052631576 0.7672697368421053 0.7689144736842105 0.02138157894736842
3 0.48930921052631576 0.790296052631579 0.7705592105263158 0.019736842105263157
3 0.48848684210526316 0.8141447368421053 0.7697368421052632 0.023026315789473683
3 0.48848684210526316 0.8379934210526315 0.7697368421052632 0.022203947368421052
3 0.48930921052631576 0.8626644736842105 0.7713815789473685 0.02138157894736842
3 0.4876644736842105 0.8848684210526315 0.7689144736842105 0.019736842105263157
4 0.9802631578947368 0.03618421052631579 0.018914473684210526 0.018092105263157895