6 0.484375 0.18338815789473684 0.3717105263157895 0.24342105263157895
5 0.4769736842105263 0.13733552631578946 0.34210526315789475 0.027960526315789474
5 0.47944078947368424 0.15953947368421054 0.34375 0.023026315789473683
5 0.47944078947368424 0.18009868421052633 0.34539473684210525 0.024671052631578948
5 0.48026315789473684 0.20230263157894737 0.34375 0.023026315789473683
5 0.4786184210526316 0.2236842105263158 0.34375 0.023026315789473683
5 0.48026315789473684 0.2450657894736842 0.34539473684210525 0.023026315789473683
5 0.47944078947368424 0.265625 0.34868421052631576 0.024671052631578948
5 0.4810855263157895 0.2878289473684211 0.34868421052631576 0.024671052631578948
1 0.4819078947368421 0.4629934210526316 0.8174342105263158 0.27960526315789475
3 0.48601973684210525 0.3626644736842105 0.7697368421052632 0.03618421052631579
3 0.4868421052631579 0.3881578947368421 0.7697368421052632 0.03618421052631579
3 0.48930921052631576 0.4128289473684211 0.7730263157894737 0.03453947368421053
3 0.48848684210526316 0.43667763157894735 0.7680921052631579 0.03289473684210526
3 0.4909539473684211 0.4605263157894737 0.774671052631579 0.03289473684210526
3 0.48930921052631576 0.48355263157894735 0.7697368421052632 0.03453947368421053
3 0.4901315789473684 0.5074013157894737 0.7730263157894737 0.03618421052631579
3 0.48930921052631576 0.5304276315789473 0.7713815789473685 0.03289473684210526
3 0.48930921052631576 0.553453947368421 0.7713815789473685 0.03453947368421053
3 0.48930921052631576 0.5764802631578947 0.7713815789473685 0.03618421052631579
2 0.48355263157894735 0.7582236842105263 0.8174342105263158 0.3042763157894737
3 0.4909539473684211 0.6710526315789473 0.7713815789473685 0.03618421052631579
3 0.4917763157894737 0.6957236842105263 0.7730263157894737 0.03618421052631579
3 0.4942434210526316 0.7203947368421053 0.7697368421052632 0.03453947368421053
3 0.4934210526315789 0.743421052631579 0.7680921052631579 0.03453947368421053
3 0.4942434210526316 0.7672697368421053 0.7697368421052632 0.03453947368421053
3 0.4942434210526316 0.790296052631579 0.7713815789473685 0.03289473684210526
3 0.4942434210526316 0.8141447368421053 0.7697368421052632 0.03618421052631579
3 0.4942434210526316 0.8379934210526315 0.7697368421052632 0.03618421052631579
3 0.49588815789473684 0.8626644736842105 0.7713815789473685 0.03453947368421053
3 0.4942434210526316 0.8848684210526315 0.7697368421052632 0.03289473684210526
4 0.9720394736842105 0.027960526315789474 0.019736842105263157 0.018092105263157895