0 0.16529605263157895 0.15213815789473684 0.18092105263157895 0.02631578947368421
0 0.16447368421052633 0.17763157894736842 0.18421052631578946 0.023026315789473683
0 0.16365131578947367 0.20148026315789475 0.18421052631578946 0.02138157894736842
0 0.16529605263157895 0.22615131578947367 0.1875 0.02138157894736842
0 0.16036184210526316 0.25 0.1924342105263158 0.023026315789473683
0 0.16365131578947367 0.2738486842105263 0.1924342105263158 0.024671052631578948
0 0.16200657894736842 0.29769736842105265 0.1924342105263158 0.023026315789473683
0 0.15871710526315788 0.3223684210526316 0.1924342105263158 0.023026315789473683
0 0.15789473684210525 0.3462171052631579 0.18914473684210525 0.023026315789473683
0 0.1611842105263158 0.37088815789473684 0.18585526315789475 0.023026315789473683
0 0.15871710526315788 0.39555921052631576 0.18585526315789475 0.02138157894736842
0 0.1611842105263158 0.41776315789473684 0.19078947368421054 0.019736842105263157
0 0.16036184210526316 0.44243421052631576 0.1825657894736842 0.023026315789473683
0 0.15871710526315788 0.46792763157894735 0.19078947368421054 0.023026315789473683
0 0.15707236842105263 0.4917763157894737 0.1875 0.02138157894736842
0 0.15789473684210525 0.5148026315789473 0.18914473684210525 0.023026315789473683
0 0.15789473684210525 0.5394736842105263 0.18585526315789475 0.023026315789473683
0 0.15871710526315788 0.5641447368421053 0.1924342105263158 0.023026315789473683
0 0.15542763157894737 0.5888157894736842 0.1924342105263158 0.024671052631578948
0 0.15460526315789475 0.6126644736842105 0.1825657894736842 0.02138157894736842
0 0.15707236842105263 0.6365131578947368 0.18585526315789475 0.019736842105263157
0 0.15296052631578946 0.6611842105263158 0.18914473684210525 0.019736842105263157
0 0.15296052631578946 0.6858552631578947 0.1924342105263158 0.02138157894736842
0 0.15296052631578946 0.709703947368421 0.1875 0.023026315789473683
0 0.1513157894736842 0.7327302631578947 0.19078947368421054 0.02631578947368421
0 0.3848684210526316 0.7376644736842105 0.1924342105263158 0.023026315789473683
0 0.3848684210526316 0.7129934210526315 0.19572368421052633 0.024671052631578948
0 0.3930921052631579 0.15542763157894737 0.19572368421052633 0.024671052631578948
0 0.39226973684210525 0.18092105263157895 0.19407894736842105 0.02138157894736842
0 0.3939144736842105 0.20559210526315788 0.19572368421052633 0.023026315789473683
0 0.39226973684210525 0.2294407894736842 0.19407894736842105 0.02138157894736842
0 0.3930921052631579 0.2532894736842105 0.19407894736842105 0.02138157894736842
0 0.3930921052631579 0.2779605263157895 0.19572368421052633 0.02138157894736842
0 0.38980263157894735 0.30180921052631576 0.19572368421052633 0.02138157894736842
0 0.3881578947368421 0.32648026315789475 0.19407894736842105 0.02138157894736842
0 0.38898026315789475 0.3495065789473684 0.19078947368421054 0.02138157894736842
0 0.390625 0.37417763157894735 0.1924342105263158 0.023026315789473683
0 0.390625 0.3988486842105263 0.19078947368421054 0.02138157894736842
0 0.390625 0.42269736842105265 0.19078947368421054 0.023026315789473683
0 0.3881578947368421 0.4465460526315789 0.19407894736842105 0.02138157894736842
0 0.3873355263157895 0.47039473684210525 0.1924342105263158 0.019736842105263157
0 0.3873355263157895 0.49588815789473684 0.1924342105263158 0.02138157894736842
0 0.38569078947368424 0.5197368421052632 0.1924342105263158 0.02138157894736842
0 0.38569078947368424 0.5435855263157895 0.18914473684210525 0.023026315789473683
0 0.3848684210526316 0.5682565789473685 0.19078947368421054 0.023026315789473683
0 0.3815789473684211 0.5921052631578947 0.19572368421052633 0.02138157894736842
0 0.38569078947368424 0.615953947368421 0.1924342105263158 0.019736842105263157
0 0.38569078947368424 0.6398026315789473 0.19078947368421054 0.02138157894736842
0 0.3832236842105263 0.6644736842105263 0.18914473684210525 0.02138157894736842
0 0.38569078947368424 0.6891447368421053 0.18914473684210525 0.019736842105263157
0 0.6307565789473685 0.16036184210526316 0.19078947368421054 0.024671052631578948
0 0.8618421052631579 0.16447368421052633 0.18914473684210525 0.023026315789473683
0 0.6291118421052632 0.18421052631578946 0.1875 0.02138157894736842
0 0.8601973684210527 0.18914473684210525 0.18914473684210525 0.023026315789473683
0 0.6274671052631579 0.2080592105263158 0.1875 0.02138157894736842
0 0.8610197368421053 0.21299342105263158 0.1875 0.023026315789473683
0 0.6258223684210527 0.23355263157894737 0.1875 0.023026315789473683
0 0.8601973684210527 0.23684210526315788 0.1875 0.018092105263157895
0 0.6258223684210527 0.2565789473684211 0.18914473684210525 0.02138157894736842
0 0.859375 0.26069078947368424 0.18585526315789475 0.02138157894736842
0 0.6274671052631579 0.28207236842105265 0.19572368421052633 0.02138157894736842
0 0.8601973684210527 0.28618421052631576 0.19078947368421054 0.02138157894736842
0 0.6225328947368421 0.3059210526315789 0.19078947368421054 0.019736842105263157
0 0.8601973684210527 0.3100328947368421 0.19407894736842105 0.024671052631578948
0 0.625 0.32976973684210525 0.19078947368421054 0.02138157894736842
0 0.859375 0.3338815789473684 0.19078947368421054 0.02138157894736842
0 0.6274671052631579 0.35444078947368424 0.19901315789473684 0.024671052631578948
0 0.6241776315789473 0.3782894736842105 0.1924342105263158 0.02138157894736842
0 0.6217105263157895 0.4029605263157895 0.19572368421052633 0.02138157894736842
0 0.625 0.42598684210526316 0.19407894736842105 0.02138157894736842
0 0.6266447368421053 0.45148026315789475 0.19572368421052633 0.023026315789473683
0 0.6241776315789473 0.4753289473684211 0.20065789473684212 0.02138157894736842
0 0.625 0.49835526315789475 0.19901315789473684 0.024671052631578948
0 0.6217105263157895 0.5230263157894737 0.19407894736842105 0.023026315789473683
0 0.6241776315789473 0.5476973684210527 0.20065789473684212 0.024671052631578948
0 0.625 0.571546052631579 0.19407894736842105 0.023026315789473683
0 0.6200657894736842 0.5962171052631579 0.18914473684210525 0.02138157894736842
0 0.6233552631578947 0.6217105263157895 0.19407894736842105 0.023026315789473683
0 0.6200657894736842 0.6455592105263158 0.20065789473684212 0.02138157894736842
0 0.6167763157894737 0.6694078947368421 0.1924342105263158 0.023026315789473683
0 0.6192434210526315 0.6932565789473685 0.19572368421052633 0.023026315789473683
0 0.6143092105263158 0.7171052631578947 0.19407894736842105 0.023026315789473683
0 0.6134868421052632 0.7401315789473685 0.20065789473684212 0.02138157894736842
0 0.8577302631578947 0.35773026315789475 0.1875 0.02138157894736842
0 0.8560855263157895 0.3824013157894737 0.18585526315789475 0.019736842105263157
0 0.8577302631578947 0.40707236842105265 0.18421052631578946 0.018092105263157895
0 0.859375 0.4300986842105263 0.1924342105263158 0.023026315789473683
0 0.8569078947368421 0.4555921052631579 0.18914473684210525 0.023026315789473683
0 0.8577302631578947 0.47944078947368424 0.19078947368421054 0.023026315789473683
0 0.8560855263157895 0.5041118421052632 0.19078947368421054 0.02138157894736842
0 0.8560855263157895 0.5271381578947368 0.19078947368421054 0.023026315789473683
0 0.8536184210526315 0.5501644736842105 0.1924342105263158 0.023026315789473683
0 0.852796052631579 0.5756578947368421 0.1924342105263158 0.024671052631578948
0 0.8536184210526315 0.600328947368421 0.1924342105263158 0.024671052631578948
0 0.852796052631579 0.6233552631578947 0.1875 0.019736842105263157
0 0.852796052631579 0.6480263157894737 0.19572368421052633 0.02138157894736842
0 0.8511513157894737 0.6710526315789473 0.1924342105263158 0.02138157894736842
0 0.8495065789473685 0.6957236842105263 0.1924342105263158 0.024671052631578948
0 0.8511513157894737 0.7212171052631579 0.19572368421052633 0.02138157894736842
0 0.852796052631579 0.7458881578947368 0.19407894736842105 0.023026315789473683
7 0.08141447368421052 0.06085526315789474 0.07894736842105263 0.023026315789473683