0 0.2450657894736842 0.09046052631578948 0.18092105263157895 0.06414473684210527
0 0.23848684210526316 0.11513157894736842 0.18421052631578946 0.06085526315789474
0 0.23355263157894737 0.13815789473684212 0.1825657894736842 0.05921052631578947
0 0.2294407894736842 0.16200657894736842 0.18585526315789475 0.06085526315789474
0 0.22039473684210525 0.18503289473684212 0.19078947368421054 0.0625
0 0.21792763157894737 0.20888157894736842 0.1924342105263158 0.0625
0 0.21134868421052633 0.23190789473684212 0.1924342105263158 0.0625
0 0.203125 0.25493421052631576 0.1924342105263158 0.0625
0 0.19736842105263158 0.2779605263157895 0.18914473684210525 0.0625
0 0.19490131578947367 0.3026315789473684 0.18585526315789475 0.0625
0 0.18832236842105263 0.32648026315789475 0.18421052631578946 0.06085526315789474
0 0.18585526315789475 0.34868421052631576 0.18914473684210525 0.05921052631578947
0 0.18009868421052633 0.3725328947368421 0.18092105263157895 0.06085526315789474
0 0.17269736842105263 0.3972039473684211 0.18914473684210525 0.06085526315789474
0 0.16611842105263158 0.42023026315789475 0.18585526315789475 0.05921052631578947
0 0.16200657894736842 0.4432565789473684 0.18914473684210525 0.06085526315789474
0 0.15707236842105263 0.46710526315789475 0.18585526315789475 0.06085526315789474
0 0.15213815789473684 0.4917763157894737 0.19078947368421054 0.06085526315789474
0 0.14473684210526316 0.5148026315789473 0.19078947368421054 0.06414473684210527
0 0.13815789473684212 0.537828947368421 0.18092105263157895 0.05921052631578947
0 0.13651315789473684 0.5616776315789473 0.18421052631578946 0.05921052631578947
0 0.12664473684210525 0.5855263157894737 0.1875 0.05921052631578947
0 0.12171052631578948 0.609375 0.19078947368421054 0.06085526315789474
0 0.11759868421052631 0.6324013157894737 0.18585526315789475 0.06085526315789474
0 0.11101973684210527 0.6546052631578947 0.19078947368421054 0.06414473684210527
0 0.3379934210526316 0.7080592105263158 0.1924342105263158 0.0625
0 0.34375 0.6842105263157895 0.19572368421052633 0.06414473684210527
0 0.46710526315789475 0.140625 0.19572368421052633 0.06414473684210527
0 0.4605263157894737 0.16529605263157895 0.1924342105263158 0.06085526315789474
0 0.45805921052631576 0.18996710526315788 0.19407894736842105 0.0625
0 0.4506578947368421 0.21299342105263158 0.1924342105263158 0.06085526315789474
0 0.4465460526315789 0.23601973684210525 0.1924342105263158 0.06085526315789474
0 0.44161184210526316 0.26069078947368424 0.19407894736842105 0.06085526315789474
0 0.43338815789473684 0.28289473684210525 0.19407894736842105 0.06085526315789474
0 0.42680921052631576 0.3067434210526316 0.1924342105263158 0.06085526315789474
0 0.42269736842105265 0.32976973684210525 0.19078947368421054 0.06085526315789474
0 0.4185855263157895 0.3536184210526316 0.1924342105263158 0.0625
0 0.4144736842105263 0.3782894736842105 0.18914473684210525 0.05921052631578947
0 0.4087171052631579 0.40131578947368424 0.18914473684210525 0.06085526315789474
0 0.40213815789473684 0.4243421052631579 0.1924342105263158 0.06085526315789474
0 0.39555921052631576 0.4473684210526316 0.19078947368421054 0.05756578947368421
0 0.390625 0.4720394736842105 0.19078947368421054 0.05921052631578947
0 0.3840460526315789 0.49506578947368424 0.19078947368421054 0.06085526315789474
0 0.37911184210526316 0.5189144736842105 0.18914473684210525 0.0625
0 0.3725328947368421 0.5427631578947368 0.19078947368421054 0.0625
0 0.3651315789473684 0.5649671052631579 0.19407894736842105 0.06085526315789474
0 0.36348684210526316 0.5896381578947368 0.19078947368421054 0.05756578947368421
0 0.359375 0.6126644736842105 0.18914473684210525 0.05921052631578947
0 0.3519736842105263 0.6365131578947368 0.1875 0.05921052631578947
0 0.34868421052631576 0.6611842105263158 0.1875 0.05921052631578947
0 0.6990131578947368 0.19490131578947367 0.18914473684210525 0.06414473684210527
0 0.9144736842105263 0.24671052631578946 0.17105263157894737 0.0625
0 0.6916118421052632 0.21792763157894737 0.1875 0.05921052631578947
0 0.9111842105263158 0.26973684210526316 0.17763157894736842 0.0625
0 0.6858552631578947 0.24095394736842105 0.1875 0.06085526315789474
0 0.9095394736842105 0.2935855263157895 0.18092105263157895 0.06085526315789474
0 0.678453947368421 0.26480263157894735 0.1875 0.06085526315789474
0 0.9070723684210527 0.31743421052631576 0.18585526315789475 0.05756578947368421
0 0.6735197368421053 0.2878289473684211 0.1875 0.05921052631578947
0 0.9013157894736842 0.3404605263157895 0.18421052631578946 0.06085526315789474
0 0.6694078947368421 0.31332236842105265 0.19407894736842105 0.06085526315789474
0 0.8963815789473685 0.3651315789473684 0.18914473684210525 0.05921052631578947
0 0.6603618421052632 0.3355263157894737 0.18914473684210525 0.05756578947368421
0 0.8922697368421053 0.38898026315789475 0.1924342105263158 0.06414473684210527
0 0.6570723684210527 0.359375 0.19078947368421054 0.06085526315789474
0 0.8856907894736842 0.4120065789473684 0.18914473684210525 0.05921052631578947
0 0.6554276315789473 0.3840460526315789 0.19736842105263158 0.06578947368421052
0 0.6463815789473685 0.40625 0.19078947368421054 0.06085526315789474
0 0.6389802631578947 0.4300986842105263 0.19407894736842105 0.06085526315789474
0 0.6373355263157895 0.453125 0.1924342105263158 0.06085526315789474
0 0.634046052631579 0.4786184210526316 0.19572368421052633 0.0625
0 0.6266447368421053 0.5016447368421053 0.19901315789473684 0.0625
0 0.6225328947368421 0.5238486842105263 0.19901315789473684 0.06578947368421052
0 0.6143092105263158 0.5476973684210527 0.1924342105263158 0.0625
0 0.6118421052631579 0.5723684210526315 0.19901315789473684 0.06578947368421052
0 0.6069078947368421 0.5953947368421053 0.19407894736842105 0.0625
0 0.5978618421052632 0.618421052631579 0.18914473684210525 0.06085526315789474
0 0.5953947368421053 0.6447368421052632 0.19407894736842105 0.0625
0 0.587171052631579 0.6669407894736842 0.19901315789473684 0.0625
0 0.5797697368421053 0.6899671052631579 0.19078947368421054 0.0625
0 0.5764802631578947 0.7138157894736842 0.19572368421052633 0.0625
0 0.5666118421052632 0.7368421052631579 0.1924342105263158 0.0625
0 0.5608552631578947 0.759046052631579 0.19901315789473684 0.0625
0 0.8799342105263158 0.4350328947368421 0.18585526315789475 0.05921052631578947
0 0.8725328947368421 0.4588815789473684 0.18421052631578946 0.05921052631578947
0 0.8692434210526315 0.48355263157894735 0.1825657894736842 0.05592105263157895
0 0.865953947368421 0.5057565789473685 0.19078947368421054 0.0625
0 0.8585526315789473 0.5304276315789473 0.18914473684210525 0.0625
0 0.8536184210526315 0.553453947368421 0.18914473684210525 0.0625
0 0.8478618421052632 0.5773026315789473 0.19078947368421054 0.06085526315789474
0 0.8429276315789473 0.600328947368421 0.18914473684210525 0.06085526315789474
0 0.8355263157894737 0.6225328947368421 0.19078947368421054 0.0625
0 0.8297697368421053 0.647203947368421 0.19078947368421054 0.0625
0 0.8248355263157895 0.6710526315789473 0.19078947368421054 0.0625
0 0.8199013157894737 0.694078947368421 0.18585526315789475 0.05921052631578947
0 0.8141447368421053 0.7179276315789473 0.19407894736842105 0.06085526315789474
0 0.8083881578947368 0.740953947368421 0.19078947368421054 0.06085526315789474
0 0.8009868421052632 0.7648026315789473 0.19078947368421054 0.0625
0 0.7976973684210527 0.7894736842105263 0.19407894736842105 0.06085526315789474
0 0.7935855263157895 0.8133223684210527 0.19407894736842105 0.0625