6 0.5583881578947368 0.18832236842105263 0.41776315789473684 0.3157894736842105
5 0.5600328947368421 0.14144736842105263 0.33881578947368424 0.09868421052631579
5 0.5575657894736842 0.16447368421052633 0.33881578947368424 0.09703947368421052
5 0.5526315789473685 0.18503289473684212 0.3404605263157895 0.09703947368421052
5 0.5460526315789473 0.20641447368421054 0.3371710526315789 0.09539473684210527
5 0.540296052631579 0.22697368421052633 0.33223684210526316 0.09539473684210527
5 0.5353618421052632 0.24753289473684212 0.3355263157894737 0.09539473684210527
5 0.5304276315789473 0.26726973684210525 0.3371710526315789 0.09703947368421052
5 0.5263157894736842 0.2894736842105263 0.3404605263157895 0.09703947368421052
1 0.4876644736842105 0.4588815789473684 0.8519736842105263 0.44243421052631576
3 0.5180921052631579 0.36430921052631576 0.7582236842105263 0.19736842105263158
3 0.5123355263157895 0.38898026315789475 0.7582236842105263 0.19572368421052633
3 0.506578947368421 0.4120065789473684 0.7648026315789473 0.19572368421052633
3 0.5016447368421053 0.43585526315789475 0.7582236842105263 0.1924342105263158
3 0.4975328947368421 0.4588815789473684 0.7648026315789473 0.19572368421052633
3 0.4901315789473684 0.4810855263157895 0.7598684210526315 0.19572368421052633
3 0.48601973684210525 0.5041118421052632 0.7631578947368421 0.19736842105263158
3 0.48026315789473684 0.5279605263157895 0.7582236842105263 0.19572368421052633
3 0.4753289473684211 0.5509868421052632 0.7598684210526315 0.19572368421052633
3 0.46875 0.5748355263157895 0.756578947368421 0.19736842105263158
2 0.4251644736842105 0.7458881578947368 0.850328947368421 0.4654605263157895
3 0.44901315789473684 0.6644736842105263 0.756578947368421 0.19736842105263158
3 0.4432565789473684 0.6891447368421053 0.7582236842105263 0.19572368421052633
3 0.43832236842105265 0.7129934210526315 0.7582236842105263 0.19572368421052633
3 0.4317434210526316 0.7351973684210527 0.7582236842105263 0.19572368421052633
3 0.42680921052631576 0.7582236842105263 0.7582236842105263 0.19572368421052633
3 0.42105263157894735 0.78125 0.7615131578947368 0.19736842105263158
3 0.41694078947368424 0.8067434210526315 0.756578947368421 0.19407894736842105
3 0.41036184210526316 0.8289473684210527 0.756578947368421 0.19572368421052633
3 0.40542763157894735 0.852796052631579 0.7598684210526315 0.19572368421052633
3 0.3996710526315789 0.8766447368421053 0.7549342105263158 0.1924342105263158