0 0.1768092105263158 0.7680921052631579 0.1875 0.039473684210526314
0 0.17351973684210525 0.743421052631579 0.18914473684210525 0.03782894736842105
0 0.171875 0.71875 0.19078947368421054 0.039473684210526314
0 0.17105263157894737 0.694078947368421 0.1875 0.03782894736842105
0 0.16940789473684212 0.6694078947368421 0.19078947368421054 0.03782894736842105
0 0.1669407894736842 0.6447368421052632 0.18914473684210525 0.03618421052631579
0 0.16447368421052633 0.6217105263157895 0.1875 0.03782894736842105
0 0.16447368421052633 0.5970394736842105 0.1875 0.03618421052631579
0 0.16282894736842105 0.5731907894736842 0.18914473684210525 0.03618421052631579
0 0.16036184210526316 0.5493421052631579 0.19078947368421054 0.03782894736842105
0 0.15871710526315788 0.5254934210526315 0.18914473684210525 0.03782894736842105
0 0.15625 0.49917763157894735 0.1924342105263158 0.04111842105263158
0 0.15460526315789475 0.4761513157894737 0.1924342105263158 0.03782894736842105
0 0.15296052631578946 0.453125 0.19407894736842105 0.03618421052631579
0 0.1513157894736842 0.4284539473684211 0.1875 0.03618421052631579
0 0.14967105263157895 0.40460526315789475 0.19078947368421054 0.03618421052631579
0 0.14884868421052633 0.3807565789473684 0.18585526315789475 0.03782894736842105
0 0.1455592105263158 0.3560855263157895 0.19407894736842105 0.03782894736842105
0 0.14473684210526316 0.3314144736842105 0.19901315789473684 0.04111842105263158
0 0.14226973684210525 0.3067434210526316 0.1924342105263158 0.03782894736842105
0 0.140625 0.2837171052631579 0.1924342105263158 0.039473684210526314
0 0.13898026315789475 0.2590460526315789 0.19078947368421054 0.039473684210526314
0 0.13486842105263158 0.234375 0.19078947368421054 0.03618421052631579
0 0.13240131578947367 0.21134868421052633 0.18585526315789475 0.03618421052631579
0 0.1299342105263158 0.18667763157894737 0.18585526315789475 0.039473684210526314
0 0.40625 0.7458881578947368 0.1924342105263158 0.03618421052631579
0 0.4037828947368421 0.7212171052631579 0.19407894736842105 0.03618421052631579
0 0.4037828947368421 0.6957236842105263 0.19901315789473684 0.03618421052631579
0 0.40131578947368424 0.6726973684210527 0.19572368421052633 0.03453947368421053
0 0.3980263157894737 0.6488486842105263 0.1924342105263158 0.03618421052631579
0 0.3963815789473684 0.625 0.19078947368421054 0.03453947368421053
0 0.3939144736842105 0.6019736842105263 0.19901315789473684 0.03618421052631579
0 0.39226973684210525 0.5764802631578947 0.1924342105263158 0.03618421052631579
0 0.38898026315789475 0.5518092105263158 0.1924342105263158 0.03618421052631579
0 0.38898026315789475 0.5287828947368421 0.19078947368421054 0.03289473684210526
0 0.38651315789473684 0.5049342105263158 0.1875 0.03782894736842105
0 0.3832236842105263 0.48026315789473684 0.19407894736842105 0.03453947368421053
0 0.3840460526315789 0.4564144736842105 0.19078947368421054 0.03618421052631579
0 0.3824013157894737 0.4317434210526316 0.1924342105263158 0.03453947368421053
0 0.3832236842105263 0.40789473684210525 0.1924342105263158 0.039473684210526314
0 0.3815789473684211 0.3832236842105263 0.1924342105263158 0.03618421052631579
0 0.3774671052631579 0.35855263157894735 0.19736842105263158 0.03618421052631579
0 0.3774671052631579 0.3355263157894737 0.1924342105263158 0.03453947368421053
0 0.37417763157894735 0.31085526315789475 0.18914473684210525 0.03782894736842105
0 0.37088815789473684 0.2870065789473684 0.19407894736842105 0.03289473684210526
0 0.3675986842105263 0.2631578947368421 0.19572368421052633 0.03618421052631579
0 0.36348684210526316 0.2393092105263158 0.19407894736842105 0.03618421052631579
0 0.3626644736842105 0.21463815789473684 0.1924342105263158 0.03618421052631579
0 0.3618421052631579 0.19078947368421054 0.1924342105263158 0.03618421052631579
0 0.35855263157894735 0.16776315789473684 0.19078947368421054 0.03618421052631579
0 0.6291118421052632 0.6052631578947368 0.1924342105263158 0.03782894736842105
0 0.6282894736842105 0.5797697368421053 0.19407894736842105 0.03618421052631579
0 0.6266447368421053 0.555921052631579 0.19736842105263158 0.03453947368421053
0 0.6225328947368421 0.5320723684210527 0.19901315789473684 0.03618421052631579
0 0.618421052631579 0.5082236842105263 0.20065789473684212 0.03782894736842105
0 0.6192434210526315 0.48355263157894735 0.19736842105263158 0.03289473684210526
0 0.615953947368421 0.4597039473684211 0.19572368421052633 0.03618421052631579
0 0.6151315789473685 0.43667763157894735 0.19901315789473684 0.03618421052631579
0 0.6118421052631579 0.41118421052631576 0.19736842105263158 0.03782894736842105
0 0.6101973684210527 0.3881578947368421 0.19407894736842105 0.03453947368421053
0 0.6101973684210527 0.36348684210526316 0.19901315789473684 0.03618421052631579
0 0.6069078947368421 0.33963815789473684 0.19407894736842105 0.03618421052631579
0 0.6044407894736842 0.3149671052631579 0.1924342105263158 0.03618421052631579
0 0.6036184210526315 0.2911184210526316 0.19407894736842105 0.03453947368421053
0 0.6011513157894737 0.26644736842105265 0.19572368421052633 0.03618421052631579
0 0.602796052631579 0.24177631578947367 0.19572368421052633 0.03618421052631579
0 0.6019736842105263 0.21875 0.19572368421052633 0.03618421052631579
0 0.5970394736842105 0.19407894736842105 0.19407894736842105 0.03782894736842105
0 0.5929276315789473 0.17023026315789475 0.20230263157894737 0.03618421052631579
0 0.5904605263157895 0.14638157894736842 0.19736842105263158 0.03782894736842105
0 0.6398026315789473 0.725328947368421 0.19736842105263158 0.03782894736842105
0 0.6373355263157895 0.6998355263157895 0.19736842105263158 0.03782894736842105
0 0.6365131578947368 0.6776315789473685 0.19572368421052633 0.03289473684210526
0 0.6356907894736842 0.6529605263157895 0.19572368421052633 0.03453947368421053
0 0.631578947368421 0.6299342105263158 0.20065789473684212 0.03782894736842105
0 0.868421052631579 0.6800986842105263 0.20559210526315788 0.03782894736842105
0 0.8643092105263158 0.65625 0.19572368421052633 0.03453947368421053
0 0.8626644736842105 0.631578947368421 0.19572368421052633 0.03453947368421053
0 0.8610197368421053 0.609375 0.19572368421052633 0.03618421052631579
0 0.8634868421052632 0.584703947368421 0.20065789473684212 0.03618421052631579
0 0.8610197368421053 0.5600328947368421 0.19901315789473684 0.03618421052631579
0 0.8577302631578947 0.5353618421052632 0.19572368421052633 0.03618421052631579
0 0.8560855263157895 0.5115131578947368 0.19736842105263158 0.03453947368421053
0 0.8519736842105263 0.48848684210526316 0.1924342105263158 0.03618421052631579
0 0.850328947368421 0.46381578947368424 0.19736842105263158 0.03618421052631579
0 0.8470394736842105 0.4399671052631579 0.19901315789473684 0.03618421052631579
0 0.8462171052631579 0.4152960526315789 0.20065789473684212 0.03453947368421053
0 0.8429276315789473 0.39226973684210525 0.20559210526315788 0.03618421052631579
0 0.8412828947368421 0.3675986842105263 0.19736842105263158 0.03453947368421053
0 0.8396381578947368 0.34292763157894735 0.19901315789473684 0.03618421052631579
0 0.8379934210526315 0.3190789473684211 0.19572368421052633 0.03453947368421053
0 0.8396381578947368 0.2944078947368421 0.1924342105263158 0.03782894736842105
0 0.8322368421052632 0.27055921052631576 0.19736842105263158 0.03453947368421053
0 0.8330592105263158 0.24753289473684212 0.19736842105263158 0.03453947368421053
0 0.8297697368421053 0.22203947368421054 0.19407894736842105 0.03453947368421053
0 0.8297697368421053 0.19901315789473684 0.1924342105263158 0.03453947368421053
0 0.8297697368421053 0.17351973684210525 0.19407894736842105 0.03453947368421053
0 0.8256578947368421 0.15049342105263158 0.19078947368421054 0.03453947368421053
0 0.8231907894736842 0.12582236842105263 0.18914473684210525 0.03618421052631579
0 0.8675986842105263 0.7055921052631579 0.19736842105263158 0.03453947368421053
7 0.04276315789473684 0.10444078947368421 0.08552631578947369 0.03782894736842105