6 0.4432565789473684 0.18832236842105263 0.4029605263157895 0.2878289473684211
5 0.4276315789473684 0.14391447368421054 0.34210526315789475 0.06907894736842106
5 0.43338815789473684 0.16611842105263158 0.34210526315789475 0.06743421052631579
5 0.43585526315789475 0.18667763157894737 0.34375 0.06907894736842106
5 0.4375 0.20970394736842105 0.34210526315789475 0.06743421052631579
5 0.4399671052631579 0.23026315789473684 0.3371710526315789 0.06578947368421052
5 0.44243421052631576 0.25164473684210525 0.3404605263157895 0.06578947368421052
5 0.4449013157894737 0.2722039473684211 0.3404605263157895 0.06907894736842106
5 0.44819078947368424 0.2935855263157895 0.34375 0.06907894736842106
1 0.47368421052631576 0.4662828947368421 0.8421052631578947 0.37664473684210525
3 0.46792763157894735 0.3667763157894737 0.7697368421052632 0.13157894736842105
3 0.4712171052631579 0.39226973684210525 0.7680921052631579 0.1299342105263158
3 0.4745065789473684 0.4152960526315789 0.7763157894736842 0.12828947368421054
3 0.4786184210526316 0.4399671052631579 0.7697368421052632 0.12664473684210525
3 0.48273026315789475 0.4621710526315789 0.7763157894736842 0.12828947368421054
3 0.48355263157894735 0.48601973684210525 0.7697368421052632 0.12828947368421054
3 0.48848684210526316 0.509046052631579 0.7730263157894737 0.13157894736842105
3 0.4917763157894737 0.5337171052631579 0.7680921052631579 0.1299342105263158
3 0.49506578947368424 0.555921052631579 0.7697368421052632 0.1299342105263158
3 0.4975328947368421 0.5805921052631579 0.7664473684210527 0.13157894736842105
2 0.515625 0.7582236842105263 0.8453947368421053 0.40131578947368424
3 0.5115131578947368 0.671875 0.7664473684210527 0.13157894736842105
3 0.515625 0.6973684210526315 0.7680921052631579 0.1299342105263158
3 0.5189144736842105 0.7203947368421053 0.7697368421052632 0.1299342105263158
3 0.5197368421052632 0.743421052631579 0.7680921052631579 0.1299342105263158
3 0.524671052631579 0.7672697368421053 0.7680921052631579 0.1299342105263158
3 0.5271381578947368 0.7911184210526315 0.7713815789473685 0.13157894736842105
3 0.5320723684210527 0.8157894736842105 0.7680921052631579 0.12828947368421054
3 0.5345394736842105 0.8388157894736842 0.7664473684210527 0.1299342105263158
3 0.537828947368421 0.8634868421052632 0.7697368421052632 0.1299342105263158
3 0.5411184210526315 0.8881578947368421 0.7664473684210527 0.12664473684210525