0 0.17598684210526316 0.20723684210526316 0.17927631578947367 0.029605263157894735
0 0.17434210526315788 0.23026315789473684 0.17927631578947367 0.027960526315789474
0 0.17434210526315788 0.25411184210526316 0.18585526315789475 0.029605263157894735
0 0.17351973684210525 0.27713815789473684 0.17927631578947367 0.027960526315789474
0 0.17434210526315788 0.3001644736842105 0.18585526315789475 0.027960526315789474
0 0.17351973684210525 0.32319078947368424 0.19078947368421054 0.029605263157894735
0 0.17516447368421054 0.3462171052631579 0.19407894736842105 0.03125
0 0.17269736842105263 0.37006578947368424 0.1875 0.03125
0 0.17105263157894737 0.3930921052631579 0.19407894736842105 0.03289473684210526
0 0.16858552631578946 0.4185855263157895 0.18421052631578946 0.029605263157894735
0 0.16940789473684212 0.4399671052631579 0.18421052631578946 0.027960526315789474
0 0.1669407894736842 0.4629934210526316 0.1875 0.03289473684210526
0 0.16447368421052633 0.4876644736842105 0.18421052631578946 0.029605263157894735
0 0.16282894736842105 0.5115131578947368 0.17927631578947367 0.027960526315789474
0 0.16365131578947367 0.5345394736842105 0.1924342105263158 0.03125
0 0.16036184210526316 0.5583881578947368 0.18585526315789475 0.029605263157894735
0 0.15789473684210525 0.5814144736842105 0.19078947368421054 0.03125
0 0.15871710526315788 0.6044407894736842 0.18092105263157895 0.027960526315789474
0 0.15789473684210525 0.6274671052631579 0.18585526315789475 0.03125
0 0.15378289473684212 0.6504934210526315 0.1825657894736842 0.027960526315789474
0 0.15378289473684212 0.6743421052631579 0.1875 0.029605263157894735
0 0.15213815789473684 0.6973684210526315 0.17927631578947367 0.027960526315789474
0 0.15049342105263158 0.7220394736842105 0.18421052631578946 0.02631578947368421
0 0.14884868421052633 0.7450657894736842 0.1825657894736842 0.029605263157894735
0 0.14802631578947367 0.7680921052631579 0.19078947368421054 0.027960526315789474
0 0.40625 0.21875 0.18914473684210525 0.03289473684210526
0 0.40707236842105265 0.24259868421052633 0.19078947368421054 0.02631578947368421
0 0.40707236842105265 0.26480263157894735 0.19572368421052633 0.027960526315789474
0 0.40625 0.2878289473684211 0.19407894736842105 0.03125
0 0.40460526315789475 0.31085526315789475 0.1924342105263158 0.029605263157894735
0 0.4087171052631579 0.3355263157894737 0.20230263157894737 0.029605263157894735
0 0.40789473684210525 0.36101973684210525 0.19407894736842105 0.027960526315789474
0 0.40213815789473684 0.3832236842105263 0.18914473684210525 0.029605263157894735
0 0.40131578947368424 0.40707236842105265 0.19736842105263158 0.029605263157894735
0 0.3980263157894737 0.4284539473684211 0.18914473684210525 0.03125
0 0.3963815789473684 0.453125 0.1875 0.027960526315789474
0 0.39555921052631576 0.4761513157894737 0.1875 0.027960526315789474
0 0.39226973684210525 0.5 0.1924342105263158 0.03125
0 0.3963815789473684 0.5213815789473685 0.19407894736842105 0.02631578947368421
0 0.3930921052631579 0.5452302631578947 0.1924342105263158 0.03125
0 0.39144736842105265 0.569078947368421 0.18914473684210525 0.029605263157894735
0 0.3873355263157895 0.59375 0.18914473684210525 0.027960526315789474
0 0.3873355263157895 0.6167763157894737 0.18914473684210525 0.029605263157894735
0 0.3881578947368421 0.640625 0.18585526315789475 0.027960526315789474
4 0.9967105263157895 0.05674342105263158 0.006578947368421052 0.018092105263157895
0 0.3848684210526316 0.6620065789473685 0.18092105263157895 0.027960526315789474
0 0.38569078947368424 0.6891447368421053 0.19572368421052633 0.03289473684210526
0 0.3824013157894737 0.712171052631579 0.1825657894736842 0.029605263157894735
0 0.3815789473684211 0.7335526315789473 0.1924342105263158 0.029605263157894735
0 0.3824013157894737 0.7574013157894737 0.19078947368421054 0.029605263157894735
0 0.37911184210526316 0.7804276315789473 0.18421052631578946 0.027960526315789474
0 0.6422697368421053 0.23190789473684212 0.18585526315789475 0.027960526315789474
0 0.6389802631578947 0.25411184210526316 0.19078947368421054 0.03125
0 0.6373355263157895 0.27713815789473684 0.19407894736842105 0.029605263157894735
0 0.6373355263157895 0.30098684210526316 0.20230263157894737 0.029605263157894735
0 0.6365131578947368 0.3223684210526316 0.19407894736842105 0.029605263157894735
0 0.6381578947368421 0.34786184210526316 0.19407894736842105 0.027960526315789474
0 0.6365131578947368 0.37088815789473684 0.19572368421052633 0.029605263157894735
0 0.6356907894736842 0.39473684210526316 0.18585526315789475 0.027960526315789474
0 0.631578947368421 0.41776315789473684 0.1875 0.029605263157894735
0 0.6299342105263158 0.4407894736842105 0.1875 0.027960526315789474
0 0.6282894736842105 0.4654605263157895 0.19078947368421054 0.03289473684210526
0 0.6274671052631579 0.48848684210526316 0.18914473684210525 0.027960526315789474
0 0.6266447368421053 0.5115131578947368 0.18914473684210525 0.029605263157894735
0 0.625 0.5337171052631579 0.19572368421052633 0.02631578947368421
0 0.6274671052631579 0.5575657894736842 0.20065789473684212 0.027960526315789474
0 0.6233552631578947 0.5805921052631579 0.18585526315789475 0.027960526315789474
0 0.6217105263157895 0.6044407894736842 0.19078947368421054 0.029605263157894735
0 0.6208881578947368 0.6282894736842105 0.18421052631578946 0.029605263157894735
0 0.6217105263157895 0.6513157894736842 0.19078947368421054 0.03125
0 0.6225328947368421 0.6751644736842105 0.19572368421052633 0.027960526315789474
0 0.6225328947368421 0.6981907894736842 0.20065789473684212 0.027960526315789474
0 0.6175986842105263 0.7212171052631579 0.1924342105263158 0.03125
0 0.615953947368421 0.7450657894736842 0.18585526315789475 0.029605263157894735
0 0.6151315789473685 0.7672697368421053 0.18914473684210525 0.027960526315789474
0 0.6143092105263158 0.7927631578947368 0.1924342105263158 0.027960526315789474
0 0.8758223684210527 0.24095394736842105 0.18585526315789475 0.029605263157894735
0 0.8766447368421053 0.26644736842105265 0.18914473684210525 0.027960526315789474
0 0.875 0.2902960526315789 0.18914473684210525 0.027960526315789474
0 0.8758223684210527 0.31332236842105265 0.1875 0.029605263157894735
0 0.8717105263157895 0.3347039473684211 0.1875 0.029605263157894735
0 0.8708881578947368 0.359375 0.1875 0.029605263157894735
0 0.8708881578947368 0.3815789473684211 0.19078947368421054 0.02631578947368421
0 0.8700657894736842 0.40542763157894735 0.18914473684210525 0.03125
0 0.8618421052631579 0.4284539473684211 0.1875 0.027960526315789474
0 0.8651315789473685 0.453125 0.1924342105263158 0.03125
0 0.8626644736842105 0.4769736842105263 0.1924342105263158 0.029605263157894735
0 0.8618421052631579 0.49917763157894735 0.18914473684210525 0.02631578947368421
0 0.859375 0.522203947368421 0.1875 0.02631578947368421
0 0.8569078947368421 0.5476973684210527 0.19078947368421054 0.03125
0 0.859375 0.5699013157894737 0.19078947368421054 0.03125
0 0.8577302631578947 0.5929276315789473 0.19078947368421054 0.027960526315789474
0 0.8560855263157895 0.6167763157894737 0.1875 0.027960526315789474
0 0.8577302631578947 0.6398026315789473 0.19078947368421054 0.029605263157894735
0 0.8552631578947368 0.6636513157894737 0.19407894736842105 0.027960526315789474
0 0.8544407894736842 0.6875 0.19572368421052633 0.029605263157894735
0 0.8519736842105263 0.7105263157894737 0.18585526315789475 0.027960526315789474
0 0.8511513157894737 0.734375 0.18585526315789475 0.027960526315789474
0 0.8495065789473685 0.7574013157894737 0.1924342105263158 0.03125
0 0.8470394736842105 0.78125 0.18585526315789475 0.027960526315789474
0 0.8470394736842105 0.8026315789473685 0.18585526315789475 0.029605263157894735