6 0.5123355263157895 0.1825657894736842 0.3963815789473684 0.2746710526315789
5 0.5148026315789473 0.13815789473684212 0.34210526315789475 0.05756578947368421
5 0.5139802631578947 0.16200657894736842 0.3470394736842105 0.05592105263157895
5 0.5106907894736842 0.18174342105263158 0.34539473684210525 0.05592105263157895
5 0.5074013157894737 0.203125 0.34210526315789475 0.05592105263157895
5 0.5041118421052632 0.22450657894736842 0.3404605263157895 0.05592105263157895
5 0.5016447368421053 0.24671052631578946 0.3404605263157895 0.054276315789473686
5 0.49917763157894735 0.26644736842105265 0.3404605263157895 0.05756578947368421
5 0.4975328947368421 0.2886513157894737 0.34539473684210525 0.05592105263157895
1 0.48273026315789475 0.4613486842105263 0.84375 0.3503289473684211
3 0.5008223684210527 0.36348684210526316 0.7680921052631579 0.10526315789473684
3 0.4975328947368421 0.3881578947368421 0.7680921052631579 0.10361842105263158
3 0.4967105263157895 0.4128289473684211 0.7713815789473685 0.10197368421052631
3 0.4934210526315789 0.4375 0.7680921052631579 0.09868421052631579
3 0.4934210526315789 0.4613486842105263 0.7730263157894737 0.10197368421052631
3 0.48848684210526316 0.48355263157894735 0.7680921052631579 0.10197368421052631
3 0.4868421052631579 0.506578947368421 0.7713815789473685 0.10361842105263158
3 0.48355263157894735 0.53125 0.7713815789473685 0.10361842105263158
3 0.4810855263157895 0.5542763157894737 0.7697368421052632 0.10361842105263158
3 0.4777960526315789 0.5789473684210527 0.7664473684210527 0.10361842105263158
2 0.44901315789473684 0.7541118421052632 0.8453947368421053 0.375
3 0.46875 0.6702302631578947 0.7697368421052632 0.10526315789473684
3 0.46710526315789475 0.6949013157894737 0.7697368421052632 0.10361842105263158
3 0.46463815789473684 0.7195723684210527 0.7697368421052632 0.10197368421052631
3 0.4605263157894737 0.743421052631579 0.7664473684210527 0.10361842105263158
3 0.45805921052631576 0.7672697368421053 0.7664473684210527 0.10197368421052631
3 0.4564144736842105 0.7911184210526315 0.7697368421052632 0.10361842105263158
3 0.453125 0.8166118421052632 0.7697368421052632 0.10197368421052631
3 0.45148026315789475 0.8388157894736842 0.7680921052631579 0.10197368421052631
3 0.4465460526315789 0.8643092105263158 0.7697368421052632 0.10197368421052631
3 0.4440789473684211 0.8873355263157895 0.7664473684210527 0.10032894736842106