6 0.4712171052631579 0.20888157894736842 0.3848684210526316 0.25
5 0.4753289473684211 0.13980263157894737 0.36348684210526316 0.03782894736842105
5 0.4761513157894737 0.16365131578947367 0.36348684210526316 0.03453947368421053
5 0.4745065789473684 0.18585526315789475 0.3651315789473684 0.03453947368421053
5 0.47368421052631576 0.20723684210526316 0.36348684210526316 0.03453947368421053
5 0.47286184210526316 0.23026315789473684 0.36348684210526316 0.03453947368421053
5 0.4720394736842105 0.2524671052631579 0.36348684210526316 0.03453947368421053
5 0.4712171052631579 0.2738486842105263 0.3618421052631579 0.03618421052631579
5 0.4712171052631579 0.296875 0.3651315789473684 0.03453947368421053
4 0.9555921052631579 0.04851973684210526 0.019736842105263157 0.018092105263157895
0 0.14720394736842105 0.34292763157894735 0.1875 0.027960526315789474
0 0.14802631578947367 0.3675986842105263 0.1924342105263158 0.029605263157894735
0 0.14720394736842105 0.39226973684210525 0.18914473684210525 0.027960526315789474
0 0.14638157894736842 0.4161184210526316 0.1875 0.029605263157894735
0 0.14473684210526316 0.4407894736842105 0.1875 0.027960526315789474
0 0.14391447368421054 0.46463815789473684 0.1875 0.027960526315789474
0 0.14473684210526316 0.4901315789473684 0.19078947368421054 0.02631578947368421
0 0.14226973684210525 0.515625 0.18421052631578946 0.024671052631578948
0 0.140625 0.5394736842105263 0.18421052631578946 0.027960526315789474
0 0.13980263157894737 0.5633223684210527 0.18585526315789475 0.024671052631578948
0 0.13898026315789475 0.5879934210526315 0.1825657894736842 0.02631578947368421
0 0.13733552631578946 0.6118421052631579 0.18585526315789475 0.024671052631578948
0 0.1356907894736842 0.6365131578947368 0.19078947368421054 0.024671052631578948
0 0.13733552631578946 0.6611842105263158 0.19572368421052633 0.024671052631578948
0 0.13240131578947367 0.6858552631578947 0.18585526315789475 0.024671052631578948
0 0.13404605263157895 0.709703947368421 0.1875 0.02138157894736842
0 0.13157894736842105 0.734375 0.18421052631578946 0.024671052631578948
0 0.13240131578947367 0.7582236842105263 0.1875 0.024671052631578948
0 0.13157894736842105 0.7828947368421053 0.19078947368421054 0.02631578947368421
0 0.13075657894736842 0.805921052631579 0.1924342105263158 0.027960526315789474
0 0.1299342105263158 0.8314144736842105 0.19736842105263158 0.024671052631578948
0 0.13075657894736842 0.8552631578947368 0.19736842105263158 0.02631578947368421
0 0.12911184210526316 0.8807565789473685 0.19407894736842105 0.024671052631578948
0 0.1299342105263158 0.9029605263157895 0.19572368421052633 0.027960526315789474
0 0.12828947368421054 0.9292763157894737 0.1924342105263158 0.02631578947368421
0 0.3774671052631579 0.34868421052631576 0.19078947368421054 0.03125
0 0.3725328947368421 0.3774671052631579 0.19407894736842105 0.02631578947368421
0 0.3725328947368421 0.40213815789473684 0.19736842105263158 0.02631578947368421
0 0.3692434210526316 0.4243421052631579 0.19736842105263158 0.02631578947368421
0 0.3692434210526316 0.4498355263157895 0.1924342105263158 0.024671052631578948
0 0.37088815789473684 0.4745065789473684 0.19901315789473684 0.027960526315789474
0 0.3692434210526316 0.49835526315789475 0.19901315789473684 0.02631578947368421
0 0.3684210526315789 0.5213815789473685 0.19572368421052633 0.027960526315789474
0 0.3684210526315789 0.5485197368421053 0.19901315789473684 0.024671052631578948
0 0.3692434210526316 0.5723684210526315 0.19901315789473684 0.024671052631578948
0 0.3667763157894737 0.5962171052631579 0.19572368421052633 0.02631578947368421
0 0.3651315789473684 0.6192434210526315 0.20230263157894737 0.02631578947368421
0 0.36430921052631576 0.6447368421052632 0.20230263157894737 0.027960526315789474
0 0.3626644736842105 0.6694078947368421 0.20888157894736842 0.02631578947368421
0 0.36348684210526316 0.6932565789473685 0.20888157894736842 0.024671052631578948
0 0.36348684210526316 0.7171052631578947 0.20559210526315788 0.024671052631578948
0 0.36019736842105265 0.740953947368421 0.20559210526315788 0.02631578947368421
0 0.3618421052631579 0.7664473684210527 0.20723684210526316 0.02631578947368421
0 0.36101973684210525 0.7911184210526315 0.20888157894736842 0.02631578947368421
0 0.35773026315789475 0.8149671052631579 0.20065789473684212 0.02631578947368421
0 0.3569078947368421 0.8379934210526315 0.20065789473684212 0.029605263157894735
0 0.35773026315789475 0.8643092105263158 0.20065789473684212 0.02631578947368421
0 0.35773026315789475 0.8873355263157895 0.20394736842105263 0.024671052631578948
0 0.35526315789473684 0.912828947368421 0.20230263157894737 0.024671052631578948
0 0.35444078947368424 0.9375 0.20394736842105263 0.02631578947368421
0 0.6044407894736842 0.36101973684210525 0.1924342105263158 0.027960526315789474
0 0.6052631578947368 0.3840460526315789 0.19407894736842105 0.024671052631578948
0 0.6052631578947368 0.4087171052631579 0.19901315789473684 0.027960526315789474
0 0.6036184210526315 0.43338815789473684 0.19736842105263158 0.023026315789473683
0 0.602796052631579 0.4564144736842105 0.19572368421052633 0.02631578947368421
0 0.6019736842105263 0.48026315789473684 0.19407894736842105 0.027960526315789474
0 0.602796052631579 0.5057565789473685 0.19736842105263158 0.02631578947368421
0 0.6011513157894737 0.5296052631578947 0.19572368421052633 0.02631578947368421
0 0.6011513157894737 0.5542763157894737 0.19572368421052633 0.02631578947368421
0 0.600328947368421 0.5797697368421053 0.19901315789473684 0.024671052631578948
0 0.5995065789473685 0.602796052631579 0.20065789473684212 0.02631578947368421
0 0.5995065789473685 0.6266447368421053 0.19901315789473684 0.02631578947368421
0 0.5978618421052632 0.6521381578947368 0.19407894736842105 0.02631578947368421
0 0.5970394736842105 0.6751644736842105 0.19736842105263158 0.024671052631578948
0 0.5962171052631579 0.6998355263157895 0.19572368421052633 0.02631578947368421
0 0.5962171052631579 0.7245065789473685 0.1924342105263158 0.029605263157894735
0 0.5962171052631579 0.7491776315789473 0.19572368421052633 0.024671052631578948
0 0.5912828947368421 0.7738486842105263 0.1875 0.024671052631578948
0 0.5912828947368421 0.796875 0.19078947368421054 0.02631578947368421
0 0.59375 0.821546052631579 0.19901315789473684 0.02631578947368421
0 0.59375 0.8462171052631579 0.19407894736842105 0.027960526315789474
0 0.5921052631578947 0.8708881578947368 0.20065789473684212 0.024671052631578948
0 0.5904605263157895 0.8947368421052632 0.19901315789473684 0.02631578947368421
0 0.5912828947368421 0.9194078947368421 0.19901315789473684 0.02631578947368421
0 0.5855263157894737 0.9432565789473685 0.1924342105263158 0.02631578947368421
0 0.8379934210526315 0.3675986842105263 0.19407894736842105 0.02631578947368421
0 0.8355263157894737 0.39226973684210525 0.19407894736842105 0.02631578947368421
0 0.8363486842105263 0.41694078947368424 0.19407894736842105 0.024671052631578948
0 0.8314144736842105 0.44161184210526316 0.18914473684210525 0.02631578947368421
0 0.8322368421052632 0.4654605263157895 0.19407894736842105 0.02631578947368421
0 0.8322368421052632 0.48930921052631576 0.1924342105263158 0.02631578947368421
0 0.8314144736842105 0.5131578947368421 0.1924342105263158 0.029605263157894735
0 0.8338815789473685 0.5386513157894737 0.19736842105263158 0.024671052631578948
0 0.8297697368421053 0.5625 0.1924342105263158 0.024671052631578948
0 0.8297697368421053 0.5855263157894737 0.19078947368421054 0.03125
0 0.8256578947368421 0.6118421052631579 0.1924342105263158 0.027960526315789474
0 0.8305921052631579 0.6356907894736842 0.19901315789473684 0.023026315789473683
0 0.8297697368421053 0.6587171052631579 0.19736842105263158 0.02631578947368421
0 0.8289473684210527 0.6842105263157895 0.19572368421052633 0.02631578947368421
0 0.8264802631578947 0.709703947368421 0.19572368421052633 0.02631578947368421
0 0.828125 0.7327302631578947 0.19572368421052633 0.02631578947368421
0 0.8273026315789473 0.7582236842105263 0.19736842105263158 0.02631578947368421
0 0.828125 0.7820723684210527 0.20394736842105263 0.027960526315789474
0 0.8256578947368421 0.8067434210526315 0.19736842105263158 0.02631578947368421
0 0.8223684210526315 0.8297697368421053 0.19736842105263158 0.02631578947368421
0 0.8207236842105263 0.8552631578947368 0.19078947368421054 0.02631578947368421
0 0.819078947368421 0.8791118421052632 0.1924342105263158 0.024671052631578948
0 0.821546052631579 0.9029605263157895 0.19572368421052633 0.024671052631578948
0 0.821546052631579 0.9276315789473685 0.1924342105263158 0.02631578947368421
0 0.8231907894736842 0.9514802631578947 0.20230263157894737 0.02631578947368421