0 0.16282894736842105 0.75 0.1875 0.029605263157894735
0 0.1611842105263158 0.7261513157894737 0.1875 0.027960526315789474
0 0.16036184210526316 0.7014802631578947 0.19078947368421054 0.029605263157894735
0 0.1611842105263158 0.6768092105263158 0.18585526315789475 0.027960526315789474
0 0.1611842105263158 0.6513157894736842 0.19078947368421054 0.027960526315789474
0 0.15953947368421054 0.6274671052631579 0.1875 0.02631578947368421
0 0.15871710526315788 0.6044407894736842 0.18585526315789475 0.027960526315789474
0 0.15953947368421054 0.5797697368421053 0.1875 0.02631578947368421
0 0.15953947368421054 0.5550986842105263 0.18914473684210525 0.02631578947368421
0 0.15789473684210525 0.5320723684210527 0.18914473684210525 0.027960526315789474
0 0.15789473684210525 0.5082236842105263 0.1875 0.027960526315789474
0 0.15707236842105263 0.4819078947368421 0.1924342105263158 0.03125
0 0.15625 0.45805921052631576 0.19078947368421054 0.027960526315789474
0 0.15625 0.4350328947368421 0.1924342105263158 0.02631578947368421
0 0.15542763157894737 0.41036184210526316 0.18585526315789475 0.02631578947368421
0 0.15542763157894737 0.38651315789473684 0.19078947368421054 0.02631578947368421
0 0.15542763157894737 0.3626644736842105 0.18585526315789475 0.027960526315789474
0 0.15378289473684212 0.3379934210526316 0.19407894736842105 0.027960526315789474
0 0.15460526315789475 0.31332236842105265 0.19901315789473684 0.03125
0 0.15296052631578946 0.2886513157894737 0.1924342105263158 0.027960526315789474
0 0.15296052631578946 0.265625 0.19078947368421054 0.029605263157894735
0 0.15213815789473684 0.24095394736842105 0.19078947368421054 0.029605263157894735
0 0.14967105263157895 0.21628289473684212 0.19078947368421054 0.02631578947368421
0 0.14802631578947367 0.1924342105263158 0.18585526315789475 0.02631578947368421
0 0.14720394736842105 0.16776315789473684 0.18585526315789475 0.029605263157894735
0 0.3930921052631579 0.740953947368421 0.1924342105263158 0.02631578947368421
0 0.39226973684210525 0.7162828947368421 0.1924342105263158 0.02631578947368421
0 0.3939144736842105 0.6907894736842105 0.19736842105263158 0.02631578947368421
0 0.39226973684210525 0.6677631578947368 0.19572368421052633 0.024671052631578948
0 0.390625 0.6439144736842105 0.19078947368421054 0.02631578947368421
0 0.38980263157894735 0.6192434210526315 0.19078947368421054 0.024671052631578948
0 0.38898026315789475 0.5962171052631579 0.19736842105263158 0.02631578947368421
0 0.3881578947368421 0.5707236842105263 0.1924342105263158 0.02631578947368421
0 0.38651315789473684 0.5460526315789473 0.1924342105263158 0.02631578947368421
0 0.3873355263157895 0.5230263157894737 0.19078947368421054 0.023026315789473683
0 0.38651315789473684 0.49917763157894735 0.18585526315789475 0.027960526315789474
0 0.3848684210526316 0.4745065789473684 0.19407894736842105 0.024671052631578948
0 0.38651315789473684 0.4506578947368421 0.19078947368421054 0.02631578947368421
0 0.38651315789473684 0.42598684210526316 0.19078947368421054 0.024671052631578948
0 0.3881578947368421 0.40213815789473684 0.1924342105263158 0.029605263157894735
0 0.3881578947368421 0.3774671052631579 0.1924342105263158 0.02631578947368421
0 0.38569078947368424 0.3527960526315789 0.19572368421052633 0.02631578947368421
0 0.38651315789473684 0.32976973684210525 0.19078947368421054 0.024671052631578948
0 0.3848684210526316 0.3050986842105263 0.18914473684210525 0.027960526315789474
0 0.3824013157894737 0.28042763157894735 0.19407894736842105 0.023026315789473683
0 0.3807565789473684 0.2565789473684211 0.19572368421052633 0.02631578947368421
0 0.3774671052631579 0.23273026315789475 0.1924342105263158 0.02631578947368421
0 0.3782894736842105 0.2080592105263158 0.19078947368421054 0.02631578947368421
0 0.3782894736842105 0.18421052631578946 0.19078947368421054 0.02631578947368421
0 0.37664473684210525 0.1611842105263158 0.18914473684210525 0.02631578947368421
0 0.6233552631578947 0.6118421052631579 0.1924342105263158 0.027960526315789474
0 0.6241776315789473 0.5863486842105263 0.1924342105263158 0.02631578947368421
0 0.6233552631578947 0.5625 0.19572368421052633 0.024671052631578948
0 0.6208881578947368 0.5386513157894737 0.19736842105263158 0.02631578947368421
0 0.618421052631579 0.5148026315789473 0.19901315789473684 0.027960526315789474
0 0.6200657894736842 0.4901315789473684 0.19736842105263158 0.023026315789473683
0 0.618421052631579 0.4662828947368421 0.19407894736842105 0.02631578947368421
0 0.618421052631579 0.44243421052631576 0.19736842105263158 0.02631578947368421
0 0.6167763157894737 0.41694078947368424 0.19572368421052633 0.027960526315789474
0 0.615953947368421 0.3939144736842105 0.19407894736842105 0.024671052631578948
0 0.6175986842105263 0.3692434210526316 0.19901315789473684 0.02631578947368421
0 0.615953947368421 0.34539473684210525 0.19407894736842105 0.02631578947368421
0 0.6134868421052632 0.3207236842105263 0.19078947368421054 0.02631578947368421
0 0.6143092105263158 0.296875 0.19407894736842105 0.024671052631578948
0 0.6126644736842105 0.2722039473684211 0.19407894736842105 0.02631578947368421
0 0.615953947368421 0.24753289473684212 0.19407894736842105 0.02631578947368421
0 0.615953947368421 0.22450657894736842 0.19572368421052633 0.02631578947368421
0 0.6126644736842105 0.19983552631578946 0.19407894736842105 0.027960526315789474
0 0.6101973684210527 0.17516447368421054 0.20065789473684212 0.02631578947368421
0 0.6085526315789473 0.1513157894736842 0.19572368421052633 0.027960526315789474
0 0.6274671052631579 0.7327302631578947 0.19736842105263158 0.027960526315789474
0 0.6266447368421053 0.7072368421052632 0.19572368421052633 0.027960526315789474
0 0.6274671052631579 0.6850328947368421 0.19572368421052633 0.023026315789473683
0 0.6274671052631579 0.6603618421052632 0.19407894736842105 0.024671052631578948
0 0.625 0.6365131578947368 0.20065789473684212 0.027960526315789474
0 0.8585526315789473 0.6990131578947368 0.20559210526315788 0.02631578947368421
0 0.8560855263157895 0.6751644736842105 0.19407894736842105 0.024671052631578948
0 0.8552631578947368 0.6504934210526315 0.19407894736842105 0.024671052631578948
0 0.8552631578947368 0.6282894736842105 0.19407894736842105 0.02631578947368421
0 0.8585526315789473 0.6036184210526315 0.20065789473684212 0.024671052631578948
0 0.8577302631578947 0.5789473684210527 0.19736842105263158 0.02631578947368421
0 0.8560855263157895 0.5542763157894737 0.19407894736842105 0.02631578947368421
0 0.8552631578947368 0.5304276315789473 0.19736842105263158 0.024671052631578948
0 0.852796052631579 0.506578947368421 0.1924342105263158 0.02631578947368421
0 0.8511513157894737 0.4819078947368421 0.19736842105263158 0.02631578947368421
0 0.8495065789473685 0.45805921052631576 0.19736842105263158 0.02631578947368421
0 0.8495065789473685 0.43338815789473684 0.20065789473684212 0.024671052631578948
0 0.8478618421052632 0.41036184210526316 0.20559210526315788 0.024671052631578948
0 0.8470394736842105 0.38569078947368424 0.19572368421052633 0.024671052631578948
0 0.8470394736842105 0.36101973684210525 0.19736842105263158 0.02631578947368421
0 0.8470394736842105 0.3371710526315789 0.19407894736842105 0.024671052631578948
0 0.8495065789473685 0.3125 0.19078947368421054 0.027960526315789474
0 0.84375 0.2878289473684211 0.19736842105263158 0.024671052631578948
0 0.8453947368421053 0.26480263157894735 0.19572368421052633 0.024671052631578948
0 0.84375 0.2393092105263158 0.1924342105263158 0.024671052631578948
0 0.8445723684210527 0.21628289473684212 0.19078947368421054 0.024671052631578948
0 0.8462171052631579 0.19078947368421054 0.19407894736842105 0.024671052631578948
0 0.84375 0.16776315789473684 0.18914473684210525 0.024671052631578948
0 0.8421052631578947 0.14309210526315788 0.18914473684210525 0.02631578947368421
0 0.8569078947368421 0.7245065789473685 0.19736842105263158 0.024671052631578948
7 0.0625 0.0805921052631579 0.07894736842105263 0.02631578947368421