6 0.4868421052631579 0.18338815789473684 0.37335526315789475 0.23766447368421054
5 0.4777960526315789 0.13733552631578946 0.34210526315789475 0.022203947368421052
5 0.48026315789473684 0.16036184210526316 0.34292763157894735 0.019736842105263157
5 0.48026315789473684 0.18092105263157895 0.34457236842105265 0.02055921052631579
5 0.4786184210526316 0.20394736842105263 0.34210526315789475 0.019736842105263157
5 0.4777960526315789 0.22450657894736842 0.3371710526315789 0.019736842105263157
5 0.4777960526315789 0.24588815789473684 0.3404605263157895 0.018914473684210526
5 0.4769736842105263 0.26644736842105265 0.3404605263157895 0.02138157894736842
5 0.4777960526315789 0.2886513157894737 0.34457236842105265 0.02055921052631579
1 0.4786184210526316 0.4629934210526316 0.8207236842105263 0.265625
3 0.48848684210526316 0.36348684210526316 0.7697368421052632 0.024671052631578948
3 0.48848684210526316 0.38898026315789475 0.7697368421052632 0.023026315789473683
3 0.4909539473684211 0.4128289473684211 0.7730263157894737 0.02055921052631579
3 0.48848684210526316 0.4375 0.7705592105263158 0.018914473684210526
3 0.4909539473684211 0.4605263157894737 0.7754934210526315 0.02055921052631579
3 0.48848684210526316 0.48355263157894735 0.7705592105263158 0.02138157894736842
3 0.4901315789473684 0.5074013157894737 0.7730263157894737 0.023026315789473683
3 0.4868421052631579 0.5320723684210527 0.7730263157894737 0.022203947368421052
3 0.48930921052631576 0.5550986842105263 0.7713815789473685 0.023026315789473683
3 0.4876644736842105 0.5797697368421053 0.7689144736842105 0.023848684210526317
2 0.4761513157894737 0.7582236842105263 0.819078947368421 0.2902960526315789
3 0.4876644736842105 0.671875 0.7705592105263158 0.024671052631578948
3 0.4876644736842105 0.6973684210526315 0.772203947368421 0.023026315789473683
3 0.48930921052631576 0.7212171052631579 0.7713815789473685 0.022203947368421052
3 0.48930921052631576 0.7442434210526315 0.7680921052631579 0.023026315789473683
3 0.48930921052631576 0.7689144736842105 0.7689144736842105 0.022203947368421052
3 0.4868421052631579 0.7944078947368421 0.7713815789473685 0.023848684210526317
3 0.4868421052631579 0.8199013157894737 0.772203947368421 0.02055921052631579
3 0.4868421052631579 0.8421052631578947 0.7697368421052632 0.022203947368421052
3 0.48519736842105265 0.8675986842105263 0.7713815789473685 0.022203947368421052
3 0.48519736842105265 0.890625 0.7689144736842105 0.019736842105263157
4 0.9662828947368421 0.038651315789473686 0.018914473684210526 0.018092105263157895