6 0.5172697368421053 0.2080592105263158 0.4161184210526316 0.3059210526315789
5 0.5320723684210527 0.13980263157894737 0.36019736842105265 0.09375
5 0.5296052631578947 0.16365131578947367 0.36019736842105265 0.09046052631578948
5 0.524671052631579 0.18585526315789475 0.3618421052631579 0.09046052631578948
5 0.5205592105263158 0.20641447368421054 0.3618421052631579 0.09046052631578948
5 0.515625 0.2294407894736842 0.36019736842105265 0.09046052631578948
5 0.5115131578947368 0.25082236842105265 0.36019736842105265 0.09046052631578948
5 0.506578947368421 0.2713815789473684 0.36019736842105265 0.09210526315789473
5 0.5032894736842105 0.2944078947368421 0.3618421052631579 0.09210526315789473
0 0.1768092105263158 0.2894736842105263 0.1875 0.05756578947368421
0 0.17351973684210525 0.31414473684210525 0.1924342105263158 0.05921052631578947
0 0.16858552631578946 0.33881578947368424 0.18914473684210525 0.05756578947368421
0 0.16447368421052633 0.3618421052631579 0.1875 0.05756578947368421
0 0.15871710526315788 0.38569078947368424 0.1875 0.05756578947368421
0 0.15378289473684212 0.4095394736842105 0.1875 0.05756578947368421
0 0.15049342105263158 0.4350328947368421 0.19078947368421054 0.054276315789473686
0 0.14391447368421054 0.4597039473684211 0.18421052631578946 0.05263157894736842
0 0.13898026315789475 0.48273026315789475 0.18421052631578946 0.05592105263157895
0 0.13404605263157895 0.5057565789473685 0.18585526315789475 0.054276315789473686
0 0.1299342105263158 0.5304276315789473 0.1825657894736842 0.054276315789473686
0 0.12417763157894737 0.553453947368421 0.18585526315789475 0.054276315789473686
0 0.11842105263157894 0.5773026315789473 0.18914473684210525 0.054276315789473686
0 0.11677631578947369 0.6019736842105263 0.19407894736842105 0.054276315789473686
0 0.10773026315789473 0.6258223684210527 0.18585526315789475 0.054276315789473686
0 0.10526315789473684 0.649671052631579 0.18585526315789475 0.05098684210526316
0 0.09950657894736842 0.6735197368421053 0.18421052631578946 0.05263157894736842
0 0.0962171052631579 0.6973684210526315 0.1875 0.05263157894736842
0 0.09375 0.7212171052631579 0.1875 0.054276315789473686
0 0.0912828947368421 0.7442434210526315 0.1825657894736842 0.05756578947368421
0 0.09046052631578948 0.7689144736842105 0.18092105263157895 0.054276315789473686
0 0.08881578947368421 0.7927631578947368 0.17763157894736842 0.05592105263157895
0 0.08470394736842106 0.8166118421052632 0.16940789473684212 0.054276315789473686
0 0.08470394736842106 0.8396381578947368 0.16940789473684212 0.05756578947368421
0 0.0805921052631579 0.8651315789473685 0.1611842105263158 0.05592105263157895
0 0.4029605263157895 0.3314144736842105 0.1924342105263158 0.06085526315789474
0 0.3930921052631579 0.35855263157894735 0.19407894736842105 0.05592105263157895
0 0.38980263157894735 0.3832236842105263 0.19736842105263158 0.05592105263157895
0 0.3824013157894737 0.40542763157894735 0.19736842105263158 0.05756578947368421
0 0.3782894736842105 0.4300986842105263 0.1924342105263158 0.054276315789473686
0 0.37664473684210525 0.45394736842105265 0.19901315789473684 0.05756578947368421
0 0.37088815789473684 0.4786184210526316 0.19901315789473684 0.05592105263157895
0 0.3667763157894737 0.5008223684210527 0.19572368421052633 0.05756578947368421
0 0.3626644736842105 0.5279605263157895 0.19736842105263158 0.05592105263157895
0 0.359375 0.5518092105263158 0.19901315789473684 0.054276315789473686
0 0.3527960526315789 0.5748355263157895 0.19572368421052633 0.05592105263157895
0 0.34786184210526316 0.5970394736842105 0.20230263157894737 0.05756578947368421
0 0.34292763157894735 0.6217105263157895 0.20230263157894737 0.05921052631578947
0 0.3371710526315789 0.6463815789473685 0.20723684210526316 0.05921052631578947
0 0.3347039473684211 0.6694078947368421 0.20723684210526316 0.05592105263157895
0 0.3305921052631579 0.6932565789473685 0.20394736842105263 0.05756578947368421
0 0.32401315789473684 0.7162828947368421 0.20394736842105263 0.05756578947368421
0 0.3215460526315789 0.7417763157894737 0.20723684210526316 0.05756578947368421
0 0.31661184210526316 0.765625 0.20723684210526316 0.05921052631578947
0 0.3100328947368421 0.7886513157894737 0.20065789473684212 0.05756578947368421
0 0.3050986842105263 0.8116776315789473 0.20065789473684212 0.05921052631578947
0 0.3026315789473684 0.8379934210526315 0.20065789473684212 0.05756578947368421
0 0.2993421052631579 0.8601973684210527 0.20230263157894737 0.05592105263157895
0 0.29276315789473684 0.8856907894736842 0.20230263157894737 0.05592105263157895
0 0.2878289473684211 0.9095394736842105 0.20394736842105263 0.05756578947368421
0 0.625 0.37911184210526316 0.1924342105263158 0.05756578947368421
0 0.6217105263157895 0.40213815789473684 0.1924342105263158 0.054276315789473686
0 0.618421052631579 0.42680921052631576 0.19901315789473684 0.05921052631578947
0 0.6126644736842105 0.4506578947368421 0.19572368421052633 0.054276315789473686
0 0.6085526315789473 0.47368421052631576 0.19572368421052633 0.05592105263157895
0 0.6036184210526315 0.4967105263157895 0.19407894736842105 0.05756578947368421
0 0.600328947368421 0.522203947368421 0.19736842105263158 0.05592105263157895
0 0.5953947368421053 0.5452302631578947 0.19572368421052633 0.05592105263157895
0 0.5912828947368421 0.5699013157894737 0.19572368421052633 0.05592105263157895
0 0.5863486842105263 0.5945723684210527 0.19901315789473684 0.054276315789473686
0 0.5822368421052632 0.6175986842105263 0.19901315789473684 0.05592105263157895
0 0.578125 0.640625 0.19901315789473684 0.05756578947368421
0 0.5723684210526315 0.6661184210526315 0.19407894736842105 0.05592105263157895
0 0.5682565789473685 0.6883223684210527 0.19572368421052633 0.05592105263157895
0 0.5633223684210527 0.712171052631579 0.19572368421052633 0.05592105263157895
0 0.5592105263157895 0.7368421052631579 0.19407894736842105 0.05921052631578947
0 0.5567434210526315 0.7615131578947368 0.19572368421052633 0.054276315789473686
0 0.5476973684210527 0.7845394736842105 0.1875 0.054276315789473686
0 0.5444078947368421 0.8075657894736842 0.19078947368421054 0.054276315789473686
0 0.5427631578947368 0.8322368421052632 0.19736842105263158 0.05592105263157895
0 0.5386513157894737 0.8569078947368421 0.19407894736842105 0.05756578947368421
0 0.5328947368421053 0.8807565789473685 0.20065789473684212 0.05592105263157895
0 0.5279605263157895 0.9037828947368421 0.19901315789473684 0.05592105263157895
0 0.524671052631579 0.928453947368421 0.19736842105263158 0.05592105263157895
0 0.515625 0.9514802631578947 0.1924342105263158 0.05592105263157895
0 0.8544407894736842 0.421875 0.19407894736842105 0.05592105263157895
0 0.8478618421052632 0.4465460526315789 0.19407894736842105 0.05592105263157895
0 0.8453947368421053 0.47039473684210525 0.1924342105263158 0.054276315789473686
0 0.8363486842105263 0.4942434210526316 0.18914473684210525 0.05592105263157895
0 0.8330592105263158 0.5180921052631579 0.19407894736842105 0.05592105263157895
0 0.8297697368421053 0.5411184210526315 0.1924342105263158 0.05592105263157895
0 0.8248355263157895 0.5649671052631579 0.19407894736842105 0.05921052631578947
0 0.8231907894736842 0.5904605263157895 0.19736842105263158 0.05592105263157895
0 0.8157894736842105 0.6134868421052632 0.1924342105263158 0.054276315789473686
0 0.8116776315789473 0.6356907894736842 0.1924342105263158 0.05921052631578947
0 0.8042763157894737 0.6611842105263158 0.1924342105263158 0.05756578947368421
0 0.805921052631579 0.6858552631578947 0.19736842105263158 0.054276315789473686
0 0.8001644736842105 0.7080592105263158 0.19572368421052633 0.05592105263157895
0 0.7960526315789473 0.7335526315789473 0.19572368421052633 0.05592105263157895
0 0.790296052631579 0.7582236842105263 0.19572368421052633 0.05592105263157895
0 0.787828947368421 0.78125 0.19572368421052633 0.05592105263157895
0 0.7828947368421053 0.8067434210526315 0.19572368421052633 0.05592105263157895
0 0.7804276315789473 0.8297697368421053 0.20394736842105263 0.05921052631578947
0 0.7738486842105263 0.8536184210526315 0.19572368421052633 0.05592105263157895
0 0.7672697368421053 0.8758223684210527 0.19736842105263158 0.05592105263157895
0 0.7615131578947368 0.9013157894736842 0.19078947368421054 0.054276315789473686
0 0.7557565789473685 0.9243421052631579 0.19078947368421054 0.054276315789473686
0 0.7549342105263158 0.9481907894736842 0.19407894736842105 0.054276315789473686
0 0.7508223684210527 0.9720394736842105 0.1924342105263158 0.05592105263157895
0 0.7475328947368421 0.9835526315789473 0.20230263157894737 0.03289473684210526