0 0.16776315789473684 0.756578947368421 0.1875 0.03289473684210526
0 0.16529605263157895 0.7319078947368421 0.18914473684210525 0.03125
0 0.16447368421052633 0.7072368421052632 0.19078947368421054 0.03289473684210526
0 0.16447368421052633 0.6825657894736842 0.1875 0.03125
0 0.16365131578947367 0.6578947368421053 0.19078947368421054 0.03125
0 0.16200657894736842 0.6332236842105263 0.1875 0.029605263157894735
0 0.16036184210526316 0.6101973684210527 0.1875 0.03125
0 0.1611842105263158 0.5855263157894737 0.1875 0.029605263157894735
0 0.16036184210526316 0.5616776315789473 0.18914473684210525 0.029605263157894735
0 0.15871710526315788 0.537828947368421 0.19078947368421054 0.03125
0 0.15789473684210525 0.5139802631578947 0.18914473684210525 0.03125
0 0.15707236842105263 0.4876644736842105 0.1924342105263158 0.03453947368421053
0 0.15542763157894737 0.46381578947368424 0.19078947368421054 0.03125
0 0.15542763157894737 0.4407894736842105 0.1924342105263158 0.029605263157894735
0 0.15378289473684212 0.4161184210526316 0.18585526315789475 0.029605263157894735
0 0.15378289473684212 0.39226973684210525 0.19078947368421054 0.029605263157894735
0 0.15296052631578946 0.3684210526315789 0.18585526315789475 0.03125
0 0.15049342105263158 0.34375 0.19407894736842105 0.03125
0 0.1513157894736842 0.3190789473684211 0.19901315789473684 0.03453947368421053
0 0.14884868421052633 0.2944078947368421 0.1924342105263158 0.03125
0 0.14884868421052633 0.2713815789473684 0.1924342105263158 0.03289473684210526
0 0.14720394736842105 0.24671052631578946 0.19078947368421054 0.03289473684210526
0 0.14473684210526316 0.22203947368421054 0.19078947368421054 0.029605263157894735
0 0.14226973684210525 0.1981907894736842 0.18585526315789475 0.029605263157894735
0 0.14144736842105263 0.17351973684210525 0.18585526315789475 0.03289473684210526
0 0.3972039473684211 0.7425986842105263 0.1924342105263158 0.029605263157894735
0 0.3963815789473684 0.7179276315789473 0.1924342105263158 0.029605263157894735
0 0.3972039473684211 0.6924342105263158 0.19736842105263158 0.029605263157894735
0 0.39555921052631576 0.6694078947368421 0.19572368421052633 0.027960526315789474
0 0.3930921052631579 0.6455592105263158 0.19078947368421054 0.029605263157894735
0 0.39226973684210525 0.6208881578947368 0.19078947368421054 0.027960526315789474
0 0.390625 0.5978618421052632 0.19736842105263158 0.029605263157894735
0 0.38898026315789475 0.5723684210526315 0.1924342105263158 0.029605263157894735
0 0.3873355263157895 0.5476973684210527 0.1924342105263158 0.029605263157894735
0 0.3873355263157895 0.524671052631579 0.19078947368421054 0.02631578947368421
0 0.38651315789473684 0.5008223684210527 0.1875 0.03125
0 0.3840460526315789 0.4761513157894737 0.19407894736842105 0.027960526315789474
0 0.38569078947368424 0.45230263157894735 0.19078947368421054 0.029605263157894735
0 0.3848684210526316 0.4276315789473684 0.19078947368421054 0.027960526315789474
0 0.38651315789473684 0.4037828947368421 0.1924342105263158 0.03289473684210526
0 0.38569078947368424 0.37911184210526316 0.1924342105263158 0.029605263157894735
0 0.3832236842105263 0.35444078947368424 0.19572368421052633 0.029605263157894735
0 0.3832236842105263 0.3314144736842105 0.19078947368421054 0.027960526315789474
0 0.3815789473684211 0.3067434210526316 0.18914473684210525 0.03125
0 0.3782894736842105 0.28207236842105265 0.19407894736842105 0.02631578947368421
0 0.37582236842105265 0.2582236842105263 0.19572368421052633 0.029605263157894735
0 0.3725328947368421 0.23519736842105263 0.1924342105263158 0.029605263157894735
0 0.3725328947368421 0.21052631578947367 0.19078947368421054 0.029605263157894735
0 0.3725328947368421 0.18667763157894737 0.19078947368421054 0.029605263157894735
0 0.37006578947368424 0.16365131578947367 0.18914473684210525 0.029605263157894735
0 0.625 0.609375 0.1924342105263158 0.03125
0 0.6258223684210527 0.5838815789473685 0.1924342105263158 0.029605263157894735
0 0.6241776315789473 0.5600328947368421 0.19572368421052633 0.027960526315789474
0 0.6217105263157895 0.5361842105263158 0.19736842105263158 0.029605263157894735
0 0.618421052631579 0.5123355263157895 0.19901315789473684 0.03125
0 0.6192434210526315 0.4876644736842105 0.19736842105263158 0.02631578947368421
0 0.6175986842105263 0.46381578947368424 0.19407894736842105 0.029605263157894735
0 0.6167763157894737 0.4399671052631579 0.19736842105263158 0.029605263157894735
0 0.6151315789473685 0.4152960526315789 0.19736842105263158 0.03125
0 0.6134868421052632 0.39226973684210525 0.19407894736842105 0.027960526315789474
0 0.6151315789473685 0.3667763157894737 0.19901315789473684 0.029605263157894735
0 0.6126644736842105 0.34375 0.19407894736842105 0.029605263157894735
0 0.6110197368421053 0.3190789473684211 0.19078947368421054 0.029605263157894735
0 0.6110197368421053 0.29523026315789475 0.19407894736842105 0.027960526315789474
0 0.609375 0.27055921052631576 0.19407894736842105 0.029605263157894735
0 0.6118421052631579 0.2450657894736842 0.19407894736842105 0.029605263157894735
0 0.6118421052631579 0.22203947368421054 0.19572368421052633 0.029605263157894735
0 0.6077302631578947 0.1981907894736842 0.19407894736842105 0.03125
0 0.6044407894736842 0.17351973684210525 0.20065789473684212 0.029605263157894735
0 0.602796052631579 0.14967105263157895 0.19736842105263158 0.03125
0 0.631578947368421 0.7302631578947368 0.19736842105263158 0.03125
0 0.6299342105263158 0.7047697368421053 0.19572368421052633 0.03125
0 0.6307565789473685 0.6825657894736842 0.19572368421052633 0.02631578947368421
0 0.6299342105263158 0.6578947368421053 0.19407894736842105 0.027960526315789474
0 0.6274671052631579 0.634046052631579 0.20065789473684212 0.03125
0 0.8618421052631579 0.6924342105263158 0.20559210526315788 0.029605263157894735
0 0.8585526315789473 0.6685855263157895 0.19407894736842105 0.027960526315789474
0 0.8577302631578947 0.6439144736842105 0.19407894736842105 0.027960526315789474
0 0.8569078947368421 0.6217105263157895 0.19407894736842105 0.029605263157894735
0 0.8601973684210527 0.5970394736842105 0.20065789473684212 0.027960526315789474
0 0.8585526315789473 0.5723684210526315 0.19736842105263158 0.029605263157894735
0 0.8569078947368421 0.5476973684210527 0.19407894736842105 0.029605263157894735
0 0.8552631578947368 0.5238486842105263 0.19736842105263158 0.027960526315789474
0 0.852796052631579 0.5008223684210527 0.1924342105263158 0.029605263157894735
0 0.8511513157894737 0.4761513157894737 0.19736842105263158 0.029605263157894735
0 0.8495065789473685 0.45230263157894735 0.19736842105263158 0.029605263157894735
0 0.8486842105263158 0.4276315789473684 0.20065789473684212 0.027960526315789474
0 0.8462171052631579 0.40460526315789475 0.20559210526315788 0.029605263157894735
0 0.8453947368421053 0.37993421052631576 0.19572368421052633 0.027960526315789474
0 0.8445723684210527 0.35526315789473684 0.19736842105263158 0.029605263157894735
0 0.8445723684210527 0.3314144736842105 0.19407894736842105 0.027960526315789474
0 0.8462171052631579 0.3067434210526316 0.1924342105263158 0.03125
0 0.8404605263157895 0.28207236842105265 0.19736842105263158 0.027960526315789474
0 0.8412828947368421 0.2590460526315789 0.19572368421052633 0.027960526315789474
0 0.8396381578947368 0.23355263157894737 0.1924342105263158 0.027960526315789474
0 0.8396381578947368 0.21052631578947367 0.19078947368421054 0.027960526315789474
0 0.8412828947368421 0.18503289473684212 0.19407894736842105 0.027960526315789474
0 0.8379934210526315 0.16200657894736842 0.18914473684210525 0.027960526315789474
0 0.8355263157894737 0.13733552631578946 0.18914473684210525 0.029605263157894735
0 0.8601973684210527 0.7179276315789473 0.19736842105263158 0.027960526315789474
7 0.054276315789473686 0.08881578947368421 0.08881578947368421 0.03453947368421053