6 0.47039473684210525 0.18421052631578946 0.3848684210526316 0.2565789473684211
5 0.4588815789473684 0.13898026315789475 0.34210526315789475 0.039473684210526314
5 0.4621710526315789 0.16200657894736842 0.34375 0.03782894736842105
5 0.46381578947368424 0.1825657894736842 0.34539473684210525 0.03782894736842105
5 0.4629934210526316 0.20559210526315788 0.34210526315789475 0.03782894736842105
5 0.46381578947368424 0.22615131578947367 0.3371710526315789 0.03782894736842105
5 0.46463815789473684 0.24753289473684212 0.3404605263157895 0.03618421052631579
5 0.46463815789473684 0.2680921052631579 0.3404605263157895 0.039473684210526314
5 0.46710526315789475 0.2902960526315789 0.34539473684210525 0.03782894736842105
1 0.4769736842105263 0.46381578947368424 0.8338815789473685 0.30756578947368424
3 0.4810855263157895 0.36430921052631576 0.7697368421052632 0.06414473684210527
3 0.48273026315789475 0.38980263157894735 0.7697368421052632 0.0625
3 0.48601973684210525 0.4136513157894737 0.7730263157894737 0.06085526315789474
3 0.48519736842105265 0.43832236842105265 0.7697368421052632 0.05921052631578947
3 0.48930921052631576 0.4613486842105263 0.7763157894736842 0.06085526315789474
3 0.4876644736842105 0.484375 0.7713815789473685 0.0625
3 0.4901315789473684 0.5082236842105263 0.7730263157894737 0.06414473684210527
3 0.48848684210526316 0.5328947368421053 0.7730263157894737 0.0625
3 0.4925986842105263 0.555921052631579 0.7713815789473685 0.06414473684210527
3 0.4917763157894737 0.5805921052631579 0.7697368421052632 0.06414473684210527
2 0.48930921052631576 0.759046052631579 0.8338815789473685 0.33223684210526316
3 0.4967105263157895 0.671875 0.7713815789473685 0.06414473684210527
3 0.49835526315789475 0.6973684210526315 0.7730263157894737 0.06414473684210527
3 0.5008223684210527 0.7212171052631579 0.7713815789473685 0.0625
3 0.5024671052631579 0.7442434210526315 0.7680921052631579 0.0625
3 0.5032894736842105 0.7689144736842105 0.7697368421052632 0.0625
3 0.5024671052631579 0.7944078947368421 0.7713815789473685 0.06414473684210527
3 0.5032894736842105 0.8199013157894737 0.7730263157894737 0.06085526315789474
3 0.5049342105263158 0.8421052631578947 0.7697368421052632 0.0625
3 0.5041118421052632 0.8675986842105263 0.7713815789473685 0.0625
3 0.5057565789473685 0.890625 0.7680921052631579 0.05921052631578947
4 0.9416118421052632 0.014802631578947368 0.019736842105263157 0.019736842105263157