6 0.40707236842105265 0.22203947368421054 0.4161184210526316 0.3059210526315789
5 0.39473684210526316 0.15460526315789475 0.36019736842105265 0.09375
5 0.40131578947368424 0.17763157894736842 0.36019736842105265 0.09046052631578948
5 0.40460526315789475 0.19901315789473684 0.3618421052631579 0.09046052631578948
5 0.4087171052631579 0.22039473684210525 0.3618421052631579 0.09046052631578948
5 0.4128289473684211 0.24259868421052633 0.36019736842105265 0.09046052631578948
5 0.41776315789473684 0.26480263157894735 0.36019736842105265 0.09046052631578948
5 0.42105263157894735 0.28618421052631576 0.36019736842105265 0.09210526315789473
5 0.42598684210526316 0.30838815789473684 0.3618421052631579 0.09210526315789473
0 0.12088815789473684 0.42598684210526316 0.1875 0.05756578947368421
0 0.12746710526315788 0.4498355263157895 0.1924342105263158 0.05921052631578947
0 0.13240131578947367 0.4745065789473684 0.18914473684210525 0.05756578947368421
0 0.13651315789473684 0.4975328947368421 0.1875 0.05756578947368421
0 0.140625 0.522203947368421 0.1875 0.05756578947368421
0 0.1455592105263158 0.5452302631578947 0.1875 0.05756578947368421
0 0.15213815789473684 0.5699013157894737 0.19078947368421054 0.054276315789473686
0 0.15460526315789475 0.5953947368421053 0.18421052631578946 0.05263157894736842
0 0.15871710526315788 0.6192434210526315 0.18421052631578946 0.05592105263157895
0 0.16365131578947367 0.6422697368421053 0.18585526315789475 0.054276315789473686
0 0.16776315789473684 0.6669407894736842 0.1825657894736842 0.054276315789473686
0 0.171875 0.6899671052631579 0.18585526315789475 0.054276315789473686
0 0.17598684210526316 0.7146381578947368 0.18914473684210525 0.054276315789473686
0 0.1825657894736842 0.7384868421052632 0.19407894736842105 0.054276315789473686
0 0.18338815789473684 0.7631578947368421 0.18585526315789475 0.054276315789473686
0 0.19078947368421054 0.7861842105263158 0.18585526315789475 0.05098684210526316
0 0.19325657894736842 0.8108552631578947 0.18421052631578946 0.05263157894736842
0 0.19983552631578946 0.8338815789473685 0.1875 0.05263157894736842
0 0.20476973684210525 0.8585526315789473 0.19078947368421054 0.054276315789473686
0 0.20888157894736842 0.8807565789473685 0.1924342105263158 0.05756578947368421
0 0.2138157894736842 0.90625 0.19736842105263158 0.054276315789473686
0 0.21957236842105263 0.9292763157894737 0.19572368421052633 0.05592105263157895
0 0.2236842105263158 0.9539473684210527 0.1924342105263158 0.054276315789473686
0 0.2294407894736842 0.9728618421052632 0.19572368421052633 0.054276315789473686
0 0.23273026315789475 0.9868421052631579 0.1924342105263158 0.02631578947368421
0 0.3470394736842105 0.37993421052631576 0.1924342105263158 0.06085526315789474
0 0.34786184210526316 0.4087171052631579 0.19407894736842105 0.05592105263157895
0 0.3536184210526316 0.43256578947368424 0.19736842105263158 0.05592105263157895
0 0.3560855263157895 0.4555921052631579 0.19736842105263158 0.05756578947368421
0 0.36101973684210525 0.4810855263157895 0.1924342105263158 0.054276315789473686
0 0.3684210526315789 0.5041118421052632 0.19901315789473684 0.05756578947368421
0 0.3725328947368421 0.5279605263157895 0.19901315789473684 0.05592105263157895
0 0.37664473684210525 0.5509868421052632 0.19572368421052633 0.05756578947368421
0 0.3824013157894737 0.5773026315789473 0.19736842105263158 0.05592105263157895
0 0.38898026315789475 0.600328947368421 0.19901315789473684 0.054276315789473686
0 0.39144736842105265 0.6241776315789473 0.19572368421052633 0.05592105263157895
0 0.39555921052631576 0.647203947368421 0.20230263157894737 0.05756578947368421
0 0.4004934210526316 0.671875 0.20230263157894737 0.05921052631578947
0 0.4037828947368421 0.696546052631579 0.20723684210526316 0.05921052631578947
0 0.41036184210526316 0.7195723684210527 0.20723684210526316 0.05592105263157895
0 0.4152960526315789 0.7425986842105263 0.20394736842105263 0.05756578947368421
0 0.41776315789473684 0.7664473684210527 0.20394736842105263 0.05756578947368421
0 0.4251644736842105 0.7911184210526315 0.20723684210526316 0.05756578947368421
0 0.4300986842105263 0.8149671052631579 0.20723684210526316 0.05921052631578947
0 0.4317434210526316 0.8388157894736842 0.20065789473684212 0.05756578947368421
0 0.43667763157894735 0.8618421052631579 0.20065789473684212 0.05921052631578947
0 0.4440789473684211 0.8873355263157895 0.20065789473684212 0.05756578947368421
0 0.44901315789473684 0.9095394736842105 0.20230263157894737 0.05592105263157895
0 0.45230263157894735 0.9350328947368421 0.20230263157894737 0.05592105263157895
0 0.45723684210526316 0.9588815789473685 0.20394736842105263 0.05756578947368421
0 0.5707236842105263 0.3412828947368421 0.1924342105263158 0.05756578947368421
0 0.5764802631578947 0.36348684210526316 0.1924342105263158 0.054276315789473686
0 0.5822368421052632 0.3873355263157895 0.19901315789473684 0.05921052631578947
0 0.5863486842105263 0.4120065789473684 0.19572368421052633 0.054276315789473686
0 0.5904605263157895 0.4350328947368421 0.19572368421052633 0.05592105263157895
0 0.5945723684210527 0.45805921052631576 0.19407894736842105 0.05756578947368421
0 0.6011513157894737 0.48273026315789475 0.19736842105263158 0.05592105263157895
0 0.6052631578947368 0.506578947368421 0.19572368421052633 0.05592105263157895
0 0.6110197368421053 0.5304276315789473 0.19572368421052633 0.05592105263157895
0 0.6151315789473685 0.5550986842105263 0.19901315789473684 0.054276315789473686
0 0.6200657894736842 0.578125 0.19901315789473684 0.05592105263157895
0 0.625 0.6011513157894737 0.19901315789473684 0.05756578947368421
0 0.6291118421052632 0.6266447368421053 0.19407894736842105 0.05592105263157895
0 0.634046052631579 0.6488486842105263 0.19572368421052633 0.05592105263157895
0 0.6381578947368421 0.6735197368421053 0.19572368421052633 0.05592105263157895
0 0.6439144736842105 0.6973684210526315 0.19407894736842105 0.05921052631578947
0 0.6504934210526315 0.7212171052631579 0.19572368421052633 0.054276315789473686
0 0.6513157894736842 0.7458881578947368 0.1875 0.054276315789473686
0 0.65625 0.7689144736842105 0.19078947368421054 0.054276315789473686
0 0.6636513157894737 0.7919407894736842 0.19736842105263158 0.05592105263157895
0 0.6694078947368421 0.8166118421052632 0.19407894736842105 0.05756578947368421
0 0.6735197368421053 0.8404605263157895 0.20065789473684212 0.05592105263157895
0 0.6768092105263158 0.8643092105263158 0.19901315789473684 0.05592105263157895
0 0.6833881578947368 0.8881578947368421 0.19736842105263158 0.05592105263157895
0 0.6833881578947368 0.912828947368421 0.1924342105263158 0.05592105263157895
0 0.7993421052631579 0.29523026315789475 0.19407894736842105 0.05592105263157895
0 0.8026315789473685 0.3199013157894737 0.19407894736842105 0.05592105263157895
0 0.8092105263157895 0.34375 0.1924342105263158 0.054276315789473686
0 0.8092105263157895 0.3684210526315789 0.18914473684210525 0.05592105263157895
0 0.8157894736842105 0.39144736842105265 0.19407894736842105 0.05592105263157895
0 0.8207236842105263 0.4152960526315789 0.1924342105263158 0.05592105263157895
0 0.8256578947368421 0.43832236842105265 0.19407894736842105 0.05921052631578947
0 0.8338815789473685 0.4629934210526316 0.19736842105263158 0.05592105263157895
0 0.834703947368421 0.4868421052631579 0.1924342105263158 0.054276315789473686
0 0.8404605263157895 0.509046052631579 0.1924342105263158 0.05921052631578947
0 0.8429276315789473 0.5353618421052632 0.1924342105263158 0.05756578947368421
0 0.852796052631579 0.5575657894736842 0.19736842105263158 0.054276315789473686
0 0.8569078947368421 0.5805921052631579 0.19572368421052633 0.05592105263157895
0 0.8626644736842105 0.6052631578947368 0.19572368421052633 0.05592105263157895
0 0.865953947368421 0.6307565789473685 0.19572368421052633 0.05592105263157895
0 0.8725328947368421 0.6529605263157895 0.19572368421052633 0.05592105263157895
0 0.8774671052631579 0.6776315789473685 0.19572368421052633 0.05592105263157895
0 0.8832236842105263 0.7014802631578947 0.20394736842105263 0.05921052631578947
0 0.8865131578947368 0.725328947368421 0.19572368421052633 0.05592105263157895
0 0.8881578947368421 0.7483552631578947 0.19736842105263158 0.05592105263157895
0 0.8922697368421053 0.7738486842105263 0.19078947368421054 0.054276315789473686
0 0.8963815789473685 0.7976973684210527 0.19078947368421054 0.054276315789473686
0 0.9029605263157895 0.8199013157894737 0.19407894736842105 0.054276315789473686
0 0.90625 0.84375 0.1875 0.05592105263157895
0 0.9078947368421053 0.8675986842105263 0.18421052631578946 0.05756578947368421