0 0.15625 0.23026315789473684 0.17763157894736842 0.023026315789473683
0 0.15625 0.2532894736842105 0.17927631578947367 0.02138157894736842
0 0.15789473684210525 0.27713815789473684 0.18585526315789475 0.023026315789473683
0 0.15871710526315788 0.3001644736842105 0.17927631578947367 0.02138157894736842
0 0.1611842105263158 0.32319078947368424 0.18585526315789475 0.02138157894736842
0 0.16200657894736842 0.3462171052631579 0.19078947368421054 0.023026315789473683
0 0.16529605263157895 0.3692434210526316 0.19407894736842105 0.024671052631578948
0 0.16447368421052633 0.3930921052631579 0.18585526315789475 0.024671052631578948
0 0.16447368421052633 0.4161184210526316 0.1924342105263158 0.02631578947368421
0 0.16365131578947367 0.44161184210526316 0.1825657894736842 0.023026315789473683
0 0.16611842105263158 0.4629934210526316 0.18421052631578946 0.02138157894736842
0 0.16529605263157895 0.48601973684210525 0.18585526315789475 0.02631578947368421
0 0.16447368421052633 0.5106907894736842 0.18421052631578946 0.023026315789473683
0 0.16447368421052633 0.5345394736842105 0.17927631578947367 0.02138157894736842
0 0.1669407894736842 0.5575657894736842 0.1924342105263158 0.024671052631578948
0 0.16529605263157895 0.5822368421052632 0.18585526315789475 0.023026315789473683
0 0.16447368421052633 0.6052631578947368 0.18914473684210525 0.024671052631578948
0 0.1669407894736842 0.6282894736842105 0.18092105263157895 0.02138157894736842
0 0.16776315789473684 0.6513157894736842 0.18585526315789475 0.024671052631578948
0 0.16529605263157895 0.6743421052631579 0.1825657894736842 0.02138157894736842
0 0.1669407894736842 0.6981907894736842 0.1875 0.023026315789473683
0 0.1669407894736842 0.7212171052631579 0.17927631578947367 0.02138157894736842
0 0.1669407894736842 0.7458881578947368 0.18421052631578946 0.019736842105263157
0 0.1669407894736842 0.7689144736842105 0.18092105263157895 0.023026315789473683
0 0.16776315789473684 0.7919407894736842 0.19078947368421054 0.02138157894736842
0 0.38651315789473684 0.22532894736842105 0.1875 0.02631578947368421
0 0.38980263157894735 0.24917763157894737 0.19078947368421054 0.019736842105263157
0 0.390625 0.2713815789473684 0.19572368421052633 0.02138157894736842
0 0.39226973684210525 0.2944078947368421 0.19407894736842105 0.024671052631578948
0 0.39144736842105265 0.31743421052631576 0.1924342105263158 0.023026315789473683
0 0.3980263157894737 0.34210526315789475 0.20230263157894737 0.023026315789473683
0 0.3980263157894737 0.3675986842105263 0.19407894736842105 0.02138157894736842
0 0.39473684210526316 0.38980263157894735 0.18914473684210525 0.023026315789473683
0 0.39473684210526316 0.4136513157894737 0.19736842105263158 0.023026315789473683
0 0.3939144736842105 0.43585526315789475 0.18914473684210525 0.024671052631578948
0 0.3930921052631579 0.4605263157894737 0.1875 0.02138157894736842
0 0.39473684210526316 0.48355263157894735 0.1875 0.02138157894736842
0 0.39226973684210525 0.5074013157894737 0.1924342105263158 0.024671052631578948
0 0.3988486842105263 0.5287828947368421 0.19407894736842105 0.019736842105263157
0 0.3963815789473684 0.5526315789473685 0.1924342105263158 0.024671052631578948
0 0.3972039473684211 0.5764802631578947 0.18914473684210525 0.023026315789473683
0 0.3939144736842105 0.6011513157894737 0.18914473684210525 0.02138157894736842
0 0.3963815789473684 0.6241776315789473 0.18914473684210525 0.023026315789473683
0 0.3980263157894737 0.6480263157894737 0.18585526315789475 0.02138157894736842
4 0.9712171052631579 0.023026315789473683 0.018092105263157895 0.01644736842105263
0 0.3963815789473684 0.6694078947368421 0.18092105263157895 0.02138157894736842
0 0.3988486842105263 0.696546052631579 0.19407894736842105 0.02631578947368421
0 0.3980263157894737 0.7195723684210527 0.1825657894736842 0.023026315789473683
0 0.3980263157894737 0.740953947368421 0.1924342105263158 0.023026315789473683
0 0.40131578947368424 0.7648026315789473 0.19078947368421054 0.023026315789473683
0 0.3988486842105263 0.787828947368421 0.18421052631578946 0.02138157894736842
0 0.6233552631578947 0.22203947368421054 0.18585526315789475 0.02138157894736842
0 0.6217105263157895 0.2450657894736842 0.19078947368421054 0.024671052631578948
0 0.6217105263157895 0.2680921052631579 0.19407894736842105 0.023026315789473683
0 0.6233552631578947 0.29194078947368424 0.20230263157894737 0.023026315789473683
0 0.6233552631578947 0.31332236842105265 0.19407894736842105 0.023026315789473683
0 0.6274671052631579 0.3379934210526316 0.19407894736842105 0.02138157894736842
0 0.6274671052631579 0.3618421052631579 0.19572368421052633 0.023026315789473683
0 0.6282894736842105 0.38569078947368424 0.18585526315789475 0.02138157894736842
0 0.6258223684210527 0.4087171052631579 0.1875 0.023026315789473683
0 0.6258223684210527 0.4317434210526316 0.1875 0.02138157894736842
0 0.6258223684210527 0.4564144736842105 0.18914473684210525 0.02631578947368421
0 0.6266447368421053 0.47944078947368424 0.18914473684210525 0.02138157894736842
0 0.6274671052631579 0.5024671052631579 0.18914473684210525 0.023026315789473683
0 0.6274671052631579 0.524671052631579 0.19572368421052633 0.019736842105263157
0 0.6307565789473685 0.5485197368421053 0.20065789473684212 0.02138157894736842
0 0.6291118421052632 0.571546052631579 0.18585526315789475 0.02138157894736842
0 0.6282894736842105 0.5953947368421053 0.19078947368421054 0.023026315789473683
0 0.6299342105263158 0.6192434210526315 0.18421052631578946 0.023026315789473683
0 0.631578947368421 0.6422697368421053 0.19078947368421054 0.024671052631578948
0 0.6348684210526315 0.6661184210526315 0.19572368421052633 0.02138157894736842
0 0.6356907894736842 0.6891447368421053 0.20065789473684212 0.02138157894736842
0 0.6332236842105263 0.712171052631579 0.1924342105263158 0.024671052631578948
0 0.6324013157894737 0.7360197368421053 0.18585526315789475 0.023026315789473683
0 0.634046052631579 0.7582236842105263 0.18914473684210525 0.02138157894736842
0 0.634046052631579 0.7837171052631579 0.1924342105263158 0.02138157894736842
0 0.8569078947368421 0.21546052631578946 0.18585526315789475 0.023026315789473683
0 0.859375 0.24013157894736842 0.18914473684210525 0.02138157894736842
0 0.859375 0.26398026315789475 0.18914473684210525 0.02138157894736842
0 0.8618421052631579 0.2870065789473684 0.1875 0.023026315789473683
0 0.859375 0.3092105263157895 0.1875 0.023026315789473683
0 0.8601973684210527 0.3338815789473684 0.1875 0.023026315789473683
0 0.8618421052631579 0.3560855263157895 0.19078947368421054 0.019736842105263157
0 0.8626644736842105 0.37993421052631576 0.18914473684210525 0.024671052631578948
0 0.8560855263157895 0.4029605263157895 0.1875 0.02138157894736842
0 0.8610197368421053 0.4276315789473684 0.19078947368421054 0.024671052631578948
0 0.8601973684210527 0.45148026315789475 0.1924342105263158 0.023026315789473683
0 0.8610197368421053 0.47368421052631576 0.18914473684210525 0.019736842105263157
0 0.8601973684210527 0.4967105263157895 0.1875 0.019736842105263157
0 0.859375 0.522203947368421 0.19078947368421054 0.024671052631578948
0 0.8634868421052632 0.5444078947368421 0.19078947368421054 0.024671052631578948
0 0.8634868421052632 0.5674342105263158 0.19078947368421054 0.02138157894736842
0 0.8634868421052632 0.5912828947368421 0.1875 0.02138157894736842
0 0.865953947368421 0.6143092105263158 0.19078947368421054 0.023026315789473683
0 0.865953947368421 0.6381578947368421 0.19407894736842105 0.02138157894736842
0 0.8667763157894737 0.6620065789473685 0.19572368421052633 0.023026315789473683
0 0.865953947368421 0.6850328947368421 0.18585526315789475 0.02138157894736842
0 0.8667763157894737 0.7088815789473685 0.18585526315789475 0.02138157894736842
0 0.8667763157894737 0.7319078947368421 0.1924342105263158 0.024671052631578948
0 0.865953947368421 0.7557565789473685 0.18585526315789475 0.02138157894736842
0 0.8675986842105263 0.7771381578947368 0.18585526315789475 0.023026315789473683