0 0.21957236842105263 0.16529605263157895 0.17763157894736842 0.054276315789473686
0 0.21463815789473684 0.1875 0.17927631578947367 0.05263157894736842
0 0.21217105263157895 0.21134868421052633 0.18585526315789475 0.054276315789473686
0 0.20723684210526316 0.23355263157894737 0.17927631578947367 0.05263157894736842
0 0.20559210526315788 0.2565789473684211 0.18585526315789475 0.05263157894736842
0 0.20148026315789475 0.27960526315789475 0.19078947368421054 0.05592105263157895
0 0.19983552631578946 0.3026315789473684 0.19407894736842105 0.05756578947368421
0 0.19407894736842105 0.3256578947368421 0.18585526315789475 0.05592105263157895
0 0.18914473684210525 0.34868421052631576 0.19407894736842105 0.05921052631578947
0 0.1825657894736842 0.37335526315789475 0.1825657894736842 0.054276315789473686
0 0.18092105263157895 0.39473684210526316 0.18421052631578946 0.05263157894736842
0 0.17516447368421054 0.41694078947368424 0.1875 0.05756578947368421
0 0.16940789473684212 0.4407894736842105 0.18421052631578946 0.054276315789473686
0 0.16447368421052633 0.46381578947368424 0.17927631578947367 0.05263157894736842
0 0.16200657894736842 0.4868421052631579 0.1924342105263158 0.05756578947368421
0 0.15542763157894737 0.5106907894736842 0.18585526315789475 0.054276315789473686
0 0.14967105263157895 0.5337171052631579 0.18914473684210525 0.05756578947368421
0 0.14720394736842105 0.555921052631579 0.18092105263157895 0.05263157894736842
0 0.14391447368421054 0.5789473684210527 0.18585526315789475 0.05592105263157895
0 0.1356907894736842 0.6011513157894737 0.1825657894736842 0.05263157894736842
0 0.13322368421052633 0.625 0.1875 0.05592105263157895
0 0.12828947368421054 0.647203947368421 0.17927631578947367 0.05263157894736842
0 0.12335526315789473 0.6710526315789473 0.1825657894736842 0.05263157894736842
0 0.11759868421052631 0.694078947368421 0.18092105263157895 0.054276315789473686
0 0.11430921052631579 0.7162828947368421 0.19078947368421054 0.054276315789473686
0 0.4465460526315789 0.2080592105263158 0.18914473684210525 0.05756578947368421
0 0.4440789473684211 0.23190789473684212 0.19078947368421054 0.05098684210526316
0 0.4407894736842105 0.25411184210526316 0.19407894736842105 0.054276315789473686
0 0.43667763157894735 0.27631578947368424 0.19407894736842105 0.05756578947368421
0 0.4317434210526316 0.2993421052631579 0.1924342105263158 0.05592105263157895
0 0.43256578947368424 0.32401315789473684 0.20065789473684212 0.05756578947368421
0 0.4276315789473684 0.3495065789473684 0.19407894736842105 0.054276315789473686
0 0.4194078947368421 0.37006578947368424 0.18914473684210525 0.05592105263157895
0 0.4152960526315789 0.3939144736842105 0.19572368421052633 0.05592105263157895
0 0.4095394736842105 0.4152960526315789 0.18914473684210525 0.05592105263157895
0 0.4037828947368421 0.43914473684210525 0.1875 0.054276315789473686
0 0.4004934210526316 0.4621710526315789 0.1875 0.054276315789473686
0 0.3930921052631579 0.48519736842105265 0.1924342105263158 0.05756578947368421
0 0.39473684210526316 0.5074013157894737 0.1924342105263158 0.05263157894736842
0 0.3881578947368421 0.5304276315789473 0.1924342105263158 0.05756578947368421
0 0.3832236842105263 0.553453947368421 0.18914473684210525 0.05592105263157895
0 0.375 0.5773026315789473 0.18914473684210525 0.054276315789473686
0 0.3725328947368421 0.600328947368421 0.18914473684210525 0.05592105263157895
0 0.3692434210526316 0.6233552631578947 0.18585526315789475 0.05263157894736842
0 0.3626644736842105 0.6439144736842105 0.18092105263157895 0.05263157894736842
0 0.36019736842105265 0.6710526315789473 0.19572368421052633 0.05921052631578947
0 0.35444078947368424 0.694078947368421 0.1825657894736842 0.054276315789473686
0 0.3503289473684211 0.7146381578947368 0.1924342105263158 0.05592105263157895
0 0.34786184210526316 0.7384868421052632 0.19078947368421054 0.05592105263157895
0 0.3412828947368421 0.7606907894736842 0.18421052631578946 0.054276315789473686
0 0.678453947368421 0.25411184210526316 0.18585526315789475 0.05263157894736842
0 0.671875 0.27631578947368424 0.19078947368421054 0.05756578947368421
0 0.6669407894736842 0.29851973684210525 0.19407894736842105 0.05592105263157895
0 0.6636513157894737 0.3223684210526316 0.20230263157894737 0.05756578947368421
0 0.6595394736842105 0.34375 0.19407894736842105 0.05592105263157895
0 0.6578947368421053 0.3684210526315789 0.1924342105263158 0.054276315789473686
0 0.6537828947368421 0.39144736842105265 0.19572368421052633 0.05592105263157895
0 0.6488486842105263 0.4152960526315789 0.18585526315789475 0.05263157894736842
0 0.6422697368421053 0.4375 0.1875 0.054276315789473686
0 0.6365131578947368 0.4597039473684211 0.1875 0.054276315789473686
0 0.6324013157894737 0.48355263157894735 0.19078947368421054 0.05921052631578947
0 0.6274671052631579 0.506578947368421 0.18914473684210525 0.054276315789473686
0 0.6241776315789473 0.5287828947368421 0.18914473684210525 0.05592105263157895
0 0.6192434210526315 0.5509868421052632 0.19572368421052633 0.054276315789473686
0 0.6175986842105263 0.5748355263157895 0.19901315789473684 0.05592105263157895
0 0.6110197368421053 0.5970394736842105 0.18585526315789475 0.054276315789473686
0 0.6052631578947368 0.6200657894736842 0.19078947368421054 0.05592105263157895
0 0.6019736842105263 0.6439144736842105 0.18421052631578946 0.054276315789473686
0 0.5995065789473685 0.6669407894736842 0.19078947368421054 0.05592105263157895
0 0.5970394736842105 0.6907894736842105 0.19407894736842105 0.054276315789473686
0 0.59375 0.7129934210526315 0.19901315789473684 0.054276315789473686
0 0.5855263157894737 0.7351973684210527 0.1924342105263158 0.05756578947368421
0 0.5805921052631579 0.7582236842105263 0.18585526315789475 0.05592105263157895
0 0.5773026315789473 0.7804276315789473 0.1875 0.054276315789473686
0 0.5723684210526315 0.805921052631579 0.1924342105263158 0.054276315789473686
0 0.9070723684210527 0.29605263157894735 0.18585526315789475 0.05592105263157895
0 0.9054276315789473 0.3207236842105263 0.18914473684210525 0.054276315789473686
0 0.9004934210526315 0.34375 0.18914473684210525 0.054276315789473686
0 0.8980263157894737 0.3667763157894737 0.1875 0.054276315789473686
0 0.8914473684210527 0.3881578947368421 0.1875 0.054276315789473686
0 0.8865131578947368 0.4128289473684211 0.1875 0.054276315789473686
0 0.884046052631579 0.4350328947368421 0.18914473684210525 0.05263157894736842
0 0.8791118421052632 0.45805921052631576 0.18914473684210525 0.05592105263157895
0 0.868421052631579 0.47944078947368424 0.1875 0.054276315789473686
0 0.8675986842105263 0.5041118421052632 0.19078947368421054 0.05756578947368421
0 0.8626644736842105 0.5279605263157895 0.1924342105263158 0.05592105263157895
0 0.8585526315789473 0.5493421052631579 0.18914473684210525 0.05098684210526316
0 0.852796052631579 0.5723684210526315 0.18585526315789475 0.05263157894736842
0 0.8462171052631579 0.5970394736842105 0.19078947368421054 0.05592105263157895
0 0.8462171052631579 0.6192434210526315 0.19078947368421054 0.05592105263157895
0 0.8412828947368421 0.6414473684210527 0.19078947368421054 0.05263157894736842
0 0.8363486842105263 0.665296052631579 0.1875 0.054276315789473686
0 0.834703947368421 0.6883223684210527 0.19078947368421054 0.05592105263157895
0 0.8289473684210527 0.7113486842105263 0.19407894736842105 0.054276315789473686
0 0.8248355263157895 0.7351973684210527 0.19572368421052633 0.05592105263157895
0 0.819078947368421 0.7574013157894737 0.18585526315789475 0.05263157894736842
0 0.8149671052631579 0.7804276315789473 0.18585526315789475 0.05263157894736842
0 0.8108552631578947 0.803453947368421 0.1924342105263158 0.05592105263157895
0 0.8042763157894737 0.8264802631578947 0.18585526315789475 0.05263157894736842
0 0.8018092105263158 0.8478618421052632 0.18585526315789475 0.054276315789473686