6 0.5074013157894737 0.20723684210526316 0.4095394736842105 0.2944078947368421
5 0.5197368421052632 0.13898026315789475 0.3618421052631579 0.0805921052631579
5 0.5172697368421053 0.16282894736842105 0.3618421052631579 0.07730263157894737
5 0.5131578947368421 0.18503289473684212 0.36348684210526316 0.07730263157894737
5 0.5098684210526315 0.20559210526315788 0.3618421052631579 0.07894736842105263
5 0.506578947368421 0.22861842105263158 0.3618421052631579 0.07730263157894737
5 0.5024671052631579 0.25082236842105265 0.3618421052631579 0.07894736842105263
5 0.49835526315789475 0.2713815789473684 0.36019736842105265 0.07894736842105263
5 0.49588815789473684 0.2944078947368421 0.36348684210526316 0.07894736842105263
0 0.16940789473684212 0.30098684210526316 0.1875 0.05098684210526316
0 0.1669407894736842 0.3256578947368421 0.1924342105263158 0.05263157894736842
0 0.16282894736842105 0.3503289473684211 0.18914473684210525 0.05098684210526316
0 0.15953947368421054 0.37335526315789475 0.1875 0.05263157894736842
0 0.15460526315789475 0.3980263157894737 0.18914473684210525 0.05098684210526316
0 0.1513157894736842 0.42105263157894735 0.18914473684210525 0.05098684210526316
0 0.14884868421052633 0.4465460526315789 0.19078947368421054 0.049342105263157895
0 0.14309210526315788 0.4720394736842105 0.18421052631578946 0.046052631578947366
0 0.13898026315789475 0.49506578947368424 0.18585526315789475 0.049342105263157895
0 0.13486842105263158 0.5189144736842105 0.18585526315789475 0.047697368421052634
0 0.13075657894736842 0.5427631578947368 0.18421052631578946 0.047697368421052634
0 0.12664473684210525 0.5666118421052632 0.18585526315789475 0.047697368421052634
0 0.12171052631578948 0.5904605263157895 0.19078947368421054 0.047697368421052634
0 0.12006578947368421 0.615953947368421 0.19572368421052633 0.047697368421052634
0 0.11266447368421052 0.6389802631578947 0.18585526315789475 0.047697368421052634
0 0.11101973684210527 0.662828947368421 0.1875 0.044407894736842105
0 0.10526315789473684 0.6875 0.18421052631578946 0.046052631578947366
0 0.10361842105263158 0.7113486842105263 0.1875 0.047697368421052634
0 0.09950657894736842 0.7351973684210527 0.19078947368421054 0.047697368421052634
0 0.0962171052631579 0.7574013157894737 0.1924342105263158 0.05098684210526316
0 0.09539473684210527 0.7837171052631579 0.19078947368421054 0.047697368421052634
0 0.09375 0.8075657894736842 0.1875 0.049342105263157895
0 0.0912828947368421 0.8314144736842105 0.1825657894736842 0.047697368421052634
0 0.09046052631578948 0.8544407894736842 0.18092105263157895 0.05098684210526316
0 0.08717105263157894 0.8799342105263158 0.17434210526315788 0.049342105263157895
0 0.3972039473684211 0.3347039473684211 0.1924342105263158 0.054276315789473686
0 0.3881578947368421 0.3626644736842105 0.19407894736842105 0.049342105263157895
0 0.38569078947368424 0.3873355263157895 0.19736842105263158 0.049342105263157895
0 0.37911184210526316 0.4095394736842105 0.19736842105263158 0.05098684210526316
0 0.37664473684210525 0.4342105263157895 0.1924342105263158 0.047697368421052634
0 0.375 0.4588815789473684 0.19901315789473684 0.05098684210526316
0 0.37006578947368424 0.48273026315789475 0.19901315789473684 0.049342105263157895
0 0.3667763157894737 0.5057565789473685 0.19736842105263158 0.05098684210526316
0 0.36348684210526316 0.5320723684210527 0.19901315789473684 0.049342105263157895
0 0.36101973684210525 0.555921052631579 0.19901315789473684 0.047697368421052634
0 0.3560855263157895 0.5797697368421053 0.19572368421052633 0.049342105263157895
0 0.3511513157894737 0.6019736842105263 0.20230263157894737 0.05098684210526316
0 0.3470394736842105 0.6274671052631579 0.20394736842105263 0.05263157894736842
0 0.34292763157894735 0.6513157894736842 0.20888157894736842 0.05263157894736842
0 0.3404605263157895 0.6751644736842105 0.20888157894736842 0.049342105263157895
0 0.3379934210526316 0.6990131578947368 0.20559210526315788 0.049342105263157895
0 0.3314144736842105 0.7220394736842105 0.20559210526315788 0.05098684210526316
0 0.32976973684210525 0.7475328947368421 0.20723684210526316 0.05098684210526316
0 0.32648026315789475 0.772203947368421 0.20888157894736842 0.05263157894736842
0 0.3199013157894737 0.7952302631578947 0.20065789473684212 0.049342105263157895
0 0.31661184210526316 0.8182565789473685 0.20065789473684212 0.05263157894736842
0 0.3149671052631579 0.8445723684210527 0.20065789473684212 0.049342105263157895
0 0.31167763157894735 0.8675986842105263 0.20394736842105263 0.049342105263157895
0 0.3059210526315789 0.8922697368421053 0.20230263157894737 0.049342105263157895
0 0.3026315789473684 0.9169407894736842 0.20394736842105263 0.05098684210526316
0 0.6208881578947368 0.375 0.19407894736842105 0.05098684210526316
0 0.618421052631579 0.3980263157894737 0.19407894736842105 0.047697368421052634
0 0.6151315789473685 0.42269736842105265 0.20065789473684212 0.05263157894736842
0 0.6110197368421053 0.4465460526315789 0.19736842105263158 0.047697368421052634
0 0.6069078947368421 0.46957236842105265 0.19572368421052633 0.049342105263157895
0 0.6036184210526315 0.4934210526315789 0.19407894736842105 0.05098684210526316
0 0.6011513157894737 0.5189144736842105 0.19736842105263158 0.049342105263157895
0 0.5962171052631579 0.5419407894736842 0.19572368421052633 0.049342105263157895
0 0.59375 0.5666118421052632 0.19572368421052633 0.049342105263157895
0 0.5896381578947368 0.5912828947368421 0.19901315789473684 0.047697368421052634
0 0.5863486842105263 0.6143092105263158 0.20065789473684212 0.049342105263157895
0 0.5830592105263158 0.6381578947368421 0.19901315789473684 0.05098684210526316
0 0.578125 0.662828947368421 0.19407894736842105 0.049342105263157895
0 0.5748355263157895 0.6858552631578947 0.19736842105263158 0.049342105263157895
0 0.5707236842105263 0.7105263157894737 0.19572368421052633 0.049342105263157895
0 0.5674342105263158 0.734375 0.19407894736842105 0.05263157894736842
0 0.5657894736842105 0.759046052631579 0.19572368421052633 0.047697368421052634
0 0.5575657894736842 0.7828947368421053 0.1875 0.047697368421052634
0 0.5550986842105263 0.805921052631579 0.19078947368421054 0.049342105263157895
0 0.5542763157894737 0.8305921052631579 0.19901315789473684 0.049342105263157895
0 0.5509868421052632 0.8552631578947368 0.19572368421052633 0.05098684210526316
0 0.5460526315789473 0.8799342105263158 0.20065789473684212 0.049342105263157895
0 0.5419407894736842 0.9029605263157895 0.19901315789473684 0.049342105263157895
0 0.5394736842105263 0.9276315789473685 0.19901315789473684 0.049342105263157895
0 0.53125 0.9506578947368421 0.1924342105263158 0.049342105263157895
0 0.8511513157894737 0.41036184210526316 0.19407894736842105 0.049342105263157895
0 0.8462171052631579 0.4342105263157895 0.19407894736842105 0.049342105263157895
0 0.84375 0.4588815789473684 0.19407894736842105 0.047697368421052634
0 0.8355263157894737 0.48273026315789475 0.18914473684210525 0.049342105263157895
0 0.8338815789473685 0.506578947368421 0.19407894736842105 0.049342105263157895
0 0.8305921052631579 0.5296052631578947 0.1924342105263158 0.049342105263157895
0 0.8273026315789473 0.553453947368421 0.19407894736842105 0.05263157894736842
0 0.8264802631578947 0.5789473684210527 0.19736842105263158 0.049342105263157895
0 0.819078947368421 0.6019736842105263 0.1924342105263158 0.047697368421052634
0 0.8166118421052632 0.625 0.1924342105263158 0.05263157894736842
0 0.8100328947368421 0.6504934210526315 0.1924342105263158 0.05098684210526316
0 0.8116776315789473 0.6751644736842105 0.19901315789473684 0.047697368421052634
0 0.8075657894736842 0.6973684210526315 0.19736842105263158 0.049342105263157895
0 0.8042763157894737 0.7228618421052632 0.19572368421052633 0.049342105263157895
0 0.7985197368421053 0.7483552631578947 0.19572368421052633 0.049342105263157895
0 0.7976973684210527 0.7713815789473685 0.19572368421052633 0.049342105263157895
0 0.7935855263157895 0.7960526315789473 0.19736842105263158 0.049342105263157895
0 0.7911184210526315 0.8199013157894737 0.20394736842105263 0.05263157894736842
0 0.7861842105263158 0.8445723684210527 0.19736842105263158 0.049342105263157895
0 0.7796052631578947 0.8667763157894737 0.19736842105263158 0.049342105263157895
0 0.7754934210526315 0.8914473684210527 0.19078947368421054 0.049342105263157895
0 0.7705592105263158 0.915296052631579 0.1924342105263158 0.047697368421052634
0 0.7705592105263158 0.9391447368421053 0.19572368421052633 0.047697368421052634
0 0.7672697368421053 0.9638157894736842 0.1924342105263158 0.049342105263157895
0 0.765625 0.9810855263157895 0.20230263157894737 0.03782894736842105