0 0.19078947368421054 0.7845394736842105 0.1875 0.049342105263157895
0 0.18667763157894737 0.7598684210526315 0.18914473684210525 0.047697368421052634
0 0.18338815789473684 0.7351973684210527 0.19078947368421054 0.049342105263157895
0 0.18174342105263158 0.7105263157894737 0.1875 0.047697368421052634
0 0.17927631578947367 0.6866776315789473 0.19078947368421054 0.047697368421052634
0 0.17516447368421054 0.6620065789473685 0.18914473684210525 0.046052631578947366
0 0.171875 0.6389802631578947 0.1875 0.047697368421052634
0 0.16940789473684212 0.6143092105263158 0.1875 0.046052631578947366
0 0.1669407894736842 0.5904605263157895 0.18914473684210525 0.046052631578947366
0 0.16282894736842105 0.5674342105263158 0.19078947368421054 0.047697368421052634
0 0.16036184210526316 0.5435855263157895 0.18914473684210525 0.047697368421052634
0 0.15707236842105263 0.5172697368421053 0.1924342105263158 0.05098684210526316
0 0.15378289473684212 0.4942434210526316 0.1924342105263158 0.047697368421052634
0 0.1513157894736842 0.4712171052631579 0.1924342105263158 0.046052631578947366
0 0.14802631578947367 0.4465460526315789 0.1875 0.046052631578947366
0 0.1455592105263158 0.42269736842105265 0.19078947368421054 0.046052631578947366
0 0.14309210526315788 0.3988486842105263 0.18585526315789475 0.047697368421052634
0 0.13898026315789475 0.375 0.19407894736842105 0.047697368421052634
0 0.13651315789473684 0.3503289473684211 0.19901315789473684 0.05263157894736842
0 0.13240131578947367 0.3256578947368421 0.1924342105263158 0.047697368421052634
0 0.1299342105263158 0.3026315789473684 0.1924342105263158 0.049342105263157895
0 0.12664473684210525 0.2787828947368421 0.19078947368421054 0.047697368421052634
0 0.12171052631578948 0.25411184210526316 0.19078947368421054 0.046052631578947366
0 0.11759868421052631 0.23108552631578946 0.18585526315789475 0.046052631578947366
0 0.11430921052631579 0.20641447368421054 0.18585526315789475 0.049342105263157895
0 0.4185855263157895 0.7508223684210527 0.1924342105263158 0.046052631578947366
0 0.4152960526315789 0.7261513157894737 0.19407894736842105 0.046052631578947366
0 0.4144736842105263 0.7006578947368421 0.19901315789473684 0.047697368421052634
0 0.41036184210526316 0.6776315789473685 0.19572368421052633 0.044407894736842105
0 0.40625 0.6546052631578947 0.19078947368421054 0.046052631578947366
0 0.4029605263157895 0.6299342105263158 0.19078947368421054 0.04276315789473684
0 0.3996710526315789 0.6069078947368421 0.19736842105263158 0.046052631578947366
0 0.3963815789473684 0.5822368421052632 0.1924342105263158 0.046052631578947366
0 0.39144736842105265 0.5575657894736842 0.1924342105263158 0.046052631578947366
0 0.390625 0.5345394736842105 0.19078947368421054 0.04276315789473684
0 0.3873355263157895 0.5106907894736842 0.1875 0.047697368421052634
0 0.3824013157894737 0.4868421052631579 0.19407894736842105 0.044407894736842105
0 0.3815789473684211 0.4629934210526316 0.19078947368421054 0.044407894736842105
0 0.37911184210526316 0.43832236842105265 0.19078947368421054 0.044407894736842105
0 0.3782894736842105 0.4144736842105263 0.1924342105263158 0.049342105263157895
0 0.37582236842105265 0.38980263157894735 0.1924342105263158 0.046052631578947366
0 0.37088815789473684 0.3651315789473684 0.19572368421052633 0.046052631578947366
0 0.3692434210526316 0.34210526315789475 0.19078947368421054 0.044407894736842105
0 0.3651315789473684 0.3182565789473684 0.18914473684210525 0.047697368421052634
0 0.359375 0.2935855263157895 0.19407894736842105 0.04276315789473684
0 0.35526315789473684 0.27055921052631576 0.19572368421052633 0.046052631578947366
0 0.3495065789473684 0.24671052631578946 0.19407894736842105 0.046052631578947366
0 0.34786184210526316 0.22203947368421054 0.1924342105263158 0.046052631578947366
0 0.34539473684210525 0.19901315789473684 0.1924342105263158 0.046052631578947366
0 0.3412828947368421 0.17598684210526316 0.19078947368421054 0.046052631578947366
0 0.634046052631579 0.5978618421052632 0.1924342105263158 0.047697368421052634
0 0.6324013157894737 0.5723684210526315 0.1924342105263158 0.046052631578947366
0 0.6291118421052632 0.5493421052631579 0.19572368421052633 0.044407894736842105
0 0.6241776315789473 0.5254934210526315 0.19736842105263158 0.046052631578947366
0 0.6192434210526315 0.5024671052631579 0.20065789473684212 0.047697368421052634
0 0.618421052631579 0.4777960526315789 0.19736842105263158 0.04276315789473684
0 0.6143092105263158 0.45394736842105265 0.19572368421052633 0.046052631578947366
0 0.6118421052631579 0.4300986842105263 0.19736842105263158 0.046052631578947366
0 0.6069078947368421 0.40542763157894735 0.19736842105263158 0.047697368421052634
0 0.6036184210526315 0.3824013157894737 0.19407894736842105 0.044407894736842105
0 0.602796052631579 0.35773026315789475 0.19901315789473684 0.046052631578947366
0 0.5986842105263158 0.3338815789473684 0.19407894736842105 0.046052631578947366
0 0.5945723684210527 0.3100328947368421 0.1924342105263158 0.046052631578947366
0 0.5929276315789473 0.28618421052631576 0.19407894736842105 0.044407894736842105
0 0.5888157894736842 0.26151315789473684 0.19572368421052633 0.046052631578947366
0 0.5888157894736842 0.23684210526315788 0.19572368421052633 0.046052631578947366
0 0.587171052631579 0.2138157894736842 0.19572368421052633 0.046052631578947366
0 0.5805921052631579 0.18996710526315788 0.19407894736842105 0.047697368421052634
0 0.5756578947368421 0.16529605263157895 0.20065789473684212 0.046052631578947366
0 0.571546052631579 0.14226973684210525 0.19736842105263158 0.047697368421052634
0 0.6513157894736842 0.7179276315789473 0.19736842105263158 0.047697368421052634
0 0.647203947368421 0.6924342105263158 0.19736842105263158 0.047697368421052634
0 0.6463815789473685 0.6702302631578947 0.19572368421052633 0.04276315789473684
0 0.6430921052631579 0.6455592105263158 0.19407894736842105 0.044407894736842105
0 0.6381578947368421 0.6225328947368421 0.20065789473684212 0.047697368421052634
0 0.8774671052631579 0.6603618421052632 0.20559210526315788 0.047697368421052634
0 0.8725328947368421 0.6373355263157895 0.19407894736842105 0.044407894736842105
0 0.868421052631579 0.6126644736842105 0.19407894736842105 0.044407894736842105
0 0.8667763157894737 0.5904605263157895 0.19407894736842105 0.046052631578947366
0 0.8667763157894737 0.5657894736842105 0.20065789473684212 0.046052631578947366
0 0.8634868421052632 0.5411184210526315 0.19736842105263158 0.046052631578947366
0 0.859375 0.5164473684210527 0.19572368421052633 0.046052631578947366
0 0.8560855263157895 0.4934210526315789 0.19736842105263158 0.044407894736842105
0 0.8511513157894737 0.46957236842105265 0.1924342105263158 0.046052631578947366
0 0.8478618421052632 0.4457236842105263 0.19736842105263158 0.047697368421052634
0 0.84375 0.421875 0.19901315789473684 0.047697368421052634
0 0.8412828947368421 0.3972039473684211 0.20065789473684212 0.044407894736842105
0 0.837171052631579 0.37417763157894735 0.20559210526315788 0.046052631578947366
0 0.8338815789473685 0.3503289473684211 0.19572368421052633 0.044407894736842105
0 0.8305921052631579 0.3256578947368421 0.19901315789473684 0.047697368421052634
0 0.828125 0.30180921052631576 0.19407894736842105 0.044407894736842105
0 0.828125 0.27713815789473684 0.1924342105263158 0.047697368421052634
0 0.8199013157894737 0.2532894736842105 0.19736842105263158 0.046052631578947366
0 0.819078947368421 0.23026315789473684 0.19572368421052633 0.044407894736842105
0 0.8149671052631579 0.20476973684210525 0.1924342105263158 0.044407894736842105
0 0.8133223684210527 0.18174342105263158 0.19078947368421054 0.044407894736842105
0 0.8125 0.15625 0.19407894736842105 0.044407894736842105
0 0.8075657894736842 0.13404605263157895 0.18914473684210525 0.044407894736842105
0 0.8026315789473685 0.109375 0.18914473684210525 0.046052631578947366
0 0.8782894736842105 0.6858552631578947 0.19736842105263158 0.044407894736842105
7 0.03289473684210526 0.12828947368421054 0.06578947368421052 0.04276315789473684