0 0.15460526315789475 0.7384868421052632 0.18667763157894737 0.023026315789473683
0 0.15378289473684212 0.7138157894736842 0.1875 0.02138157894736842
0 0.15378289473684212 0.6891447368421053 0.18996710526315788 0.023026315789473683
0 0.15542763157894737 0.6644736842105263 0.18585526315789475 0.02138157894736842
0 0.15625 0.6398026315789473 0.18996710526315788 0.02138157894736842
0 0.15542763157894737 0.6151315789473685 0.1875 0.019736842105263157
0 0.15542763157894737 0.5921052631578947 0.18585526315789475 0.022203947368421052
0 0.15707236842105263 0.5674342105263158 0.18667763157894737 0.019736842105263157
0 0.15789473684210525 0.5435855263157895 0.18832236842105263 0.019736842105263157
0 0.15707236842105263 0.5197368421052632 0.18914473684210525 0.02138157894736842
0 0.15789473684210525 0.49588815789473684 0.1875 0.022203947368421052
0 0.15789473684210525 0.46957236842105265 0.19161184210526316 0.023848684210526317
0 0.15789473684210525 0.4457236842105263 0.19078947368421054 0.02055921052631579
0 0.15871710526315788 0.42269736842105265 0.1924342105263158 0.018914473684210526
0 0.15871710526315788 0.3980263157894737 0.18585526315789475 0.02055921052631579
0 0.15953947368421054 0.37417763157894735 0.18996710526315788 0.019736842105263157
0 0.16036184210526316 0.3503289473684211 0.18503289473684212 0.022203947368421052
0 0.15953947368421054 0.3256578947368421 0.19325657894736842 0.02138157894736842
0 0.1611842105263158 0.30098684210526316 0.1981907894736842 0.024671052631578948
0 0.16036184210526316 0.27631578947368424 0.19161184210526316 0.02138157894736842
0 0.1611842105263158 0.2532894736842105 0.19078947368421054 0.023026315789473683
0 0.1611842105263158 0.22861842105263158 0.18996710526315788 0.022203947368421052
0 0.15953947368421054 0.20394736842105263 0.18996710526315788 0.019736842105263157
0 0.15871710526315788 0.18009868421052633 0.18503289473684212 0.019736842105263157
0 0.15871710526315788 0.15542763157894737 0.18503289473684212 0.023848684210526317
0 0.3848684210526316 0.7368421052631579 0.19161184210526316 0.019736842105263157
0 0.3848684210526316 0.712171052631579 0.1924342105263158 0.019736842105263157
0 0.3873355263157895 0.6866776315789473 0.19736842105263158 0.019736842105263157
0 0.38651315789473684 0.6636513157894737 0.19490131578947367 0.017269736842105265
0 0.38569078947368424 0.6398026315789473 0.19078947368421054 0.018914473684210526
0 0.38569078947368424 0.6151315789473685 0.18996710526315788 0.017269736842105265
0 0.38569078947368424 0.5921052631578947 0.19736842105263158 0.018914473684210526
0 0.38569078947368424 0.5666118421052632 0.19161184210526316 0.018914473684210526
0 0.3848684210526316 0.5419407894736842 0.19161184210526316 0.018914473684210526
0 0.38651315789473684 0.5189144736842105 0.19078947368421054 0.01644736842105263
0 0.38651315789473684 0.49506578947368424 0.18585526315789475 0.02138157894736842
0 0.38569078947368424 0.47039473684210525 0.19325657894736842 0.017269736842105265
0 0.3881578947368421 0.4465460526315789 0.18996710526315788 0.018914473684210526
0 0.38898026315789475 0.421875 0.19078947368421054 0.018092105263157895
0 0.39144736842105265 0.3980263157894737 0.19161184210526316 0.022203947368421052
0 0.39226973684210525 0.37335526315789475 0.19161184210526316 0.018914473684210526
0 0.390625 0.34868421052631576 0.19572368421052633 0.018914473684210526
0 0.39226973684210525 0.3256578947368421 0.19078947368421054 0.018092105263157895
0 0.39144736842105265 0.30098684210526316 0.18832236842105263 0.02138157894736842
0 0.38980263157894735 0.27631578947368424 0.19407894736842105 0.01644736842105263
0 0.38898026315789475 0.2524671052631579 0.19490131578947367 0.018914473684210526
0 0.38651315789473684 0.22861842105263158 0.1924342105263158 0.019736842105263157
0 0.3881578947368421 0.20394736842105263 0.19078947368421054 0.019736842105263157
0 0.38898026315789475 0.18009868421052633 0.19078947368421054 0.019736842105263157
0 0.3881578947368421 0.15707236842105263 0.18914473684210525 0.019736842105263157
0 0.6192434210526315 0.615953947368421 0.19161184210526316 0.02138157894736842
0 0.6208881578947368 0.5904605263157895 0.1924342105263158 0.018914473684210526
0 0.6208881578947368 0.5666118421052632 0.19572368421052633 0.018092105263157895
0 0.6192434210526315 0.5427631578947368 0.19736842105263158 0.018914473684210526
0 0.6175986842105263 0.5189144736842105 0.19901315789473684 0.02055921052631579
0 0.6200657894736842 0.4942434210526316 0.19736842105263158 0.015625
0 0.6192434210526315 0.47039473684210525 0.19407894736842105 0.019736842105263157
0 0.6200657894736842 0.4465460526315789 0.19736842105263158 0.018914473684210526
0 0.6192434210526315 0.42105263157894735 0.19572368421052633 0.02138157894736842
0 0.6192434210526315 0.3980263157894737 0.19325657894736842 0.018092105263157895
0 0.6217105263157895 0.37335526315789475 0.1981907894736842 0.018914473684210526
0 0.6208881578947368 0.3495065789473684 0.19325657894736842 0.019736842105263157
0 0.6200657894736842 0.3248355263157895 0.19078947368421054 0.019736842105263157
0 0.6217105263157895 0.30098684210526316 0.19325657894736842 0.017269736842105265
0 0.6208881578947368 0.27631578947368424 0.19407894736842105 0.019736842105263157
0 0.625 0.25164473684210525 0.19407894736842105 0.019736842105263157
0 0.6258223684210527 0.22861842105263158 0.19490131578947367 0.018914473684210526
0 0.6233552631578947 0.20394736842105263 0.19325657894736842 0.02055921052631579
0 0.6217105263157895 0.17927631578947367 0.20065789473684212 0.018914473684210526
0 0.6208881578947368 0.15542763157894737 0.19572368421052633 0.02138157894736842
0 0.6192434210526315 0.7368421052631579 0.19654605263157895 0.02055921052631579
0 0.6192434210526315 0.7113486842105263 0.19572368421052633 0.02055921052631579
0 0.6208881578947368 0.6891447368421053 0.19572368421052633 0.01644736842105263
0 0.6217105263157895 0.6644736842105263 0.19407894736842105 0.018092105263157895
0 0.6200657894736842 0.640625 0.19983552631578946 0.02055921052631579
0 0.8511513157894737 0.7113486842105263 0.20476973684210525 0.019736842105263157
0 0.8495065789473685 0.6875 0.19407894736842105 0.018092105263157895
0 0.8495065789473685 0.662828947368421 0.19407894736842105 0.018092105263157895
0 0.850328947368421 0.640625 0.19407894736842105 0.018914473684210526
0 0.8544407894736842 0.615953947368421 0.19983552631578946 0.018092105263157895
0 0.8544407894736842 0.5912828947368421 0.19736842105263158 0.018914473684210526
0 0.8536184210526315 0.5666118421052632 0.19407894736842105 0.019736842105263157
0 0.8536184210526315 0.5427631578947368 0.19736842105263158 0.017269736842105265
0 0.8519736842105263 0.5189144736842105 0.19161184210526316 0.019736842105263157
0 0.8519736842105263 0.4942434210526316 0.19654605263157895 0.019736842105263157
0 0.8511513157894737 0.47039473684210525 0.19736842105263158 0.019736842105263157
0 0.8519736842105263 0.4457236842105263 0.19983552631578946 0.017269736842105265
0 0.8511513157894737 0.42269736842105265 0.20476973684210525 0.018092105263157895
0 0.8511513157894737 0.3980263157894737 0.19572368421052633 0.018092105263157895
0 0.8519736842105263 0.37335526315789475 0.19736842105263158 0.019736842105263157
0 0.852796052631579 0.3495065789473684 0.19407894736842105 0.018092105263157895
0 0.8560855263157895 0.3248355263157895 0.19078947368421054 0.02138157894736842
0 0.8511513157894737 0.3001644736842105 0.19654605263157895 0.018092105263157895
0 0.8536184210526315 0.27713815789473684 0.19572368421052633 0.018092105263157895
0 0.852796052631579 0.25164473684210525 0.1924342105263158 0.018092105263157895
0 0.8544407894736842 0.22861842105263158 0.19078947368421054 0.018092105263157895
0 0.8569078947368421 0.203125 0.19325657894736842 0.018092105263157895
0 0.8552631578947368 0.18009868421052633 0.18914473684210525 0.018092105263157895
0 0.8544407894736842 0.15542763157894737 0.18832236842105263 0.019736842105263157
0 0.8486842105263158 0.7368421052631579 0.19736842105263158 0.017269736842105265
7 0.07730263157894737 0.06578947368421052 0.07894736842105263 0.023026315789473683