0 0.2138157894736842 0.17023026315789475 0.17927631578947367 0.05098684210526316
0 0.20970394736842105 0.1924342105263158 0.17927631578947367 0.049342105263157895
0 0.20723684210526316 0.21628289473684212 0.18585526315789475 0.05098684210526316
0 0.203125 0.23848684210526316 0.17927631578947367 0.049342105263157895
0 0.20148026315789475 0.2623355263157895 0.18585526315789475 0.049342105263157895
0 0.19736842105263158 0.2845394736842105 0.19078947368421054 0.05263157894736842
0 0.19654605263157895 0.30756578947368424 0.19407894736842105 0.054276315789473686
0 0.19078947368421054 0.3314144736842105 0.1875 0.05263157894736842
0 0.18667763157894737 0.3536184210526316 0.19407894736842105 0.05592105263157895
0 0.18092105263157895 0.3782894736842105 0.1825657894736842 0.05263157894736842
0 0.17927631578947367 0.3996710526315789 0.18421052631578946 0.049342105263157895
0 0.17351973684210525 0.42269736842105265 0.1875 0.054276315789473686
0 0.16858552631578946 0.4465460526315789 0.18421052631578946 0.05098684210526316
0 0.16365131578947367 0.46957236842105265 0.17927631578947367 0.049342105263157895
0 0.16200657894736842 0.4934210526315789 0.1924342105263158 0.054276315789473686
0 0.15542763157894737 0.5172697368421053 0.18585526315789475 0.05098684210526316
0 0.15049342105263158 0.5394736842105263 0.19078947368421054 0.054276315789473686
0 0.14802631578947367 0.5625 0.18092105263157895 0.049342105263157895
0 0.14473684210526316 0.5855263157894737 0.18585526315789475 0.05263157894736842
0 0.13815789473684212 0.6077302631578947 0.1825657894736842 0.05098684210526316
0 0.1356907894736842 0.6307565789473685 0.1875 0.05263157894736842
0 0.13075657894736842 0.6537828947368421 0.17927631578947367 0.049342105263157895
0 0.12664473684210525 0.6776315789473685 0.18421052631578946 0.049342105263157895
0 0.12171052631578948 0.7006578947368421 0.18092105263157895 0.05098684210526316
0 0.11842105263157894 0.7236842105263158 0.19078947368421054 0.05098684210526316
0 0.4407894736842105 0.20888157894736842 0.18914473684210525 0.05592105263157895
0 0.43914473684210525 0.23273026315789475 0.19078947368421054 0.047697368421052634
0 0.43667763157894735 0.25493421052631576 0.19572368421052633 0.05098684210526316
0 0.43338815789473684 0.2779605263157895 0.19407894736842105 0.054276315789473686
0 0.4284539473684211 0.3001644736842105 0.1924342105263158 0.05263157894736842
0 0.4300986842105263 0.3256578947368421 0.20230263157894737 0.054276315789473686
0 0.4251644736842105 0.3503289473684211 0.19407894736842105 0.05098684210526316
0 0.41776315789473684 0.3717105263157895 0.18914473684210525 0.05263157894736842
0 0.4128289473684211 0.39555921052631576 0.19736842105263158 0.05263157894736842
0 0.40789473684210525 0.41694078947368424 0.18914473684210525 0.05263157894736842
0 0.4029605263157895 0.4407894736842105 0.1875 0.05098684210526316
0 0.3996710526315789 0.46381578947368424 0.1875 0.05098684210526316
0 0.3930921052631579 0.4868421052631579 0.1924342105263158 0.054276315789473686
0 0.39473684210526316 0.509046052631579 0.1924342105263158 0.049342105263157895
0 0.3881578947368421 0.5320723684210527 0.1924342105263158 0.054276315789473686
0 0.3840460526315789 0.555921052631579 0.18914473684210525 0.05263157894736842
0 0.37664473684210525 0.5789473684210527 0.18914473684210525 0.05098684210526316
0 0.37417763157894735 0.6019736842105263 0.18914473684210525 0.05263157894736842
0 0.3717105263157895 0.6258223684210527 0.18585526315789475 0.049342105263157895
0 0.3659539473684211 0.6463815789473685 0.18092105263157895 0.049342105263157895
0 0.36348684210526316 0.6735197368421053 0.19572368421052633 0.05592105263157895
0 0.35773026315789475 0.696546052631579 0.1825657894736842 0.05098684210526316
0 0.3536184210526316 0.7171052631578947 0.1924342105263158 0.05263157894736842
0 0.3519736842105263 0.740953947368421 0.19078947368421054 0.05263157894736842
0 0.3462171052631579 0.7631578947368421 0.18421052631578946 0.05098684210526316
0 0.6743421052631579 0.25082236842105265 0.18585526315789475 0.049342105263157895
0 0.6677631578947368 0.2730263157894737 0.19078947368421054 0.054276315789473686
0 0.6636513157894737 0.29605263157894735 0.19407894736842105 0.05263157894736842
0 0.6603618421052632 0.3199013157894737 0.20230263157894737 0.054276315789473686
0 0.6570723684210527 0.3404605263157895 0.19407894736842105 0.05263157894736842
0 0.6554276315789473 0.3651315789473684 0.19407894736842105 0.05098684210526316
0 0.6513157894736842 0.38898026315789475 0.19572368421052633 0.05263157894736842
0 0.647203947368421 0.4128289473684211 0.18585526315789475 0.049342105263157895
0 0.640625 0.4350328947368421 0.1875 0.05263157894736842
0 0.6365131578947368 0.45723684210526316 0.1875 0.05098684210526316
0 0.631578947368421 0.4819078947368421 0.19078947368421054 0.05592105263157895
0 0.6274671052631579 0.5041118421052632 0.18914473684210525 0.05098684210526316
0 0.625 0.5271381578947368 0.18914473684210525 0.05263157894736842
0 0.6200657894736842 0.5485197368421053 0.19572368421052633 0.05098684210526316
0 0.6192434210526315 0.5723684210526315 0.20065789473684212 0.05263157894736842
0 0.6126644736842105 0.5953947368421053 0.18585526315789475 0.05098684210526316
0 0.6077302631578947 0.618421052631579 0.19078947368421054 0.05263157894736842
0 0.6044407894736842 0.6422697368421053 0.18421052631578946 0.05098684210526316
0 0.6019736842105263 0.665296052631579 0.19078947368421054 0.05263157894736842
0 0.600328947368421 0.6891447368421053 0.19572368421052633 0.05098684210526316
0 0.5970394736842105 0.7113486842105263 0.19901315789473684 0.05098684210526316
0 0.5896381578947368 0.7335526315789473 0.1924342105263158 0.054276315789473686
0 0.584703947368421 0.7574013157894737 0.18585526315789475 0.05263157894736842
0 0.5822368421052632 0.7787828947368421 0.18914473684210525 0.05098684210526316
0 0.5773026315789473 0.8042763157894737 0.1924342105263158 0.05098684210526316
0 0.9046052631578947 0.2894736842105263 0.18585526315789475 0.05263157894736842
0 0.9021381578947368 0.31332236842105265 0.18914473684210525 0.05098684210526316
0 0.8980263157894737 0.3371710526315789 0.18914473684210525 0.05098684210526316
0 0.8955592105263158 0.36019736842105265 0.1875 0.05263157894736842
0 0.8889802631578947 0.3815789473684211 0.1875 0.05263157894736842
0 0.8848684210526315 0.40625 0.1875 0.05263157894736842
0 0.8824013157894737 0.4276315789473684 0.18914473684210525 0.049342105263157895
0 0.8782894736842105 0.45148026315789475 0.18914473684210525 0.05263157894736842
0 0.8675986842105263 0.47286184210526316 0.1875 0.05098684210526316
0 0.8675986842105263 0.49835526315789475 0.19078947368421054 0.054276315789473686
0 0.8626644736842105 0.5213815789473685 0.1924342105263158 0.05263157894736842
0 0.8585526315789473 0.5435855263157895 0.18914473684210525 0.047697368421052634
0 0.8544407894736842 0.5657894736842105 0.1875 0.049342105263157895
0 0.8478618421052632 0.5904605263157895 0.19078947368421054 0.05263157894736842
0 0.8486842105263158 0.6134868421052632 0.19078947368421054 0.05263157894736842
0 0.84375 0.6356907894736842 0.19078947368421054 0.049342105263157895
0 0.8396381578947368 0.6595394736842105 0.1875 0.05098684210526316
0 0.8379934210526315 0.6825657894736842 0.19078947368421054 0.05263157894736842
0 0.8330592105263158 0.7055921052631579 0.19407894736842105 0.05098684210526316
0 0.8289473684210527 0.7294407894736842 0.19572368421052633 0.05263157894736842
0 0.8240131578947368 0.7516447368421053 0.18585526315789475 0.049342105263157895
0 0.8199013157894737 0.7754934210526315 0.18585526315789475 0.049342105263157895
0 0.8157894736842105 0.7976973684210527 0.1924342105263158 0.054276315789473686
0 0.8100328947368421 0.8207236842105263 0.18585526315789475 0.049342105263157895
0 0.8075657894736842 0.8421052631578947 0.18585526315789475 0.05098684210526316