6 0.4967105263157895 0.20723684210526316 0.4029605263157895 0.28125
5 0.5074013157894737 0.13898026315789475 0.36348684210526316 0.06907894736842106
5 0.5057565789473685 0.16282894736842105 0.36348684210526316 0.06578947368421052
5 0.5024671052631579 0.18421052631578946 0.36348684210526316 0.06578947368421052
5 0.5 0.20559210526315788 0.36348684210526316 0.06578947368421052
5 0.4967105263157895 0.22861842105263158 0.3618421052631579 0.06578947368421052
5 0.4942434210526316 0.25082236842105265 0.36348684210526316 0.06578947368421052
5 0.4909539473684211 0.2722039473684211 0.3618421052631579 0.06743421052631579
5 0.48848684210526316 0.2944078947368421 0.3651315789473684 0.06578947368421052
4 0.990953947368421 0.09210526315789473 0.018092105263157895 0.019736842105263157
0 0.16282894736842105 0.3125 0.1875 0.044407894736842105
0 0.1611842105263158 0.3371710526315789 0.1924342105263158 0.046052631578947366
0 0.15789473684210525 0.3618421052631579 0.18914473684210525 0.044407894736842105
0 0.15542763157894737 0.38569078947368424 0.1875 0.046052631578947366
0 0.1513157894736842 0.41036184210526316 0.18914473684210525 0.044407894736842105
0 0.14884868421052633 0.43338815789473684 0.18914473684210525 0.044407894736842105
0 0.14720394736842105 0.4588815789473684 0.1924342105263158 0.04276315789473684
0 0.14226973684210525 0.484375 0.18421052631578946 0.04111842105263158
0 0.13898026315789475 0.5082236842105263 0.18585526315789475 0.044407894736842105
0 0.1356907894736842 0.53125 0.1875 0.04111842105263158
0 0.13240131578947367 0.555921052631579 0.18421052631578946 0.04111842105263158
0 0.12911184210526316 0.5797697368421053 0.1875 0.04111842105263158
0 0.125 0.6036184210526315 0.19078947368421054 0.04111842105263158
0 0.125 0.6291118421052632 0.19572368421052633 0.04111842105263158
0 0.11759868421052631 0.6529605263157895 0.1875 0.04111842105263158
0 0.11677631578947369 0.6768092105263158 0.1875 0.03782894736842105
0 0.11266447368421052 0.7006578947368421 0.18585526315789475 0.04111842105263158
0 0.11101973684210527 0.7245065789473685 0.1875 0.04111842105263158
0 0.10773026315789473 0.7491776315789473 0.19078947368421054 0.04111842105263158
0 0.10526315789473684 0.772203947368421 0.19407894736842105 0.044407894736842105
0 0.10197368421052631 0.7976973684210527 0.19736842105263158 0.04111842105263158
0 0.10115131578947369 0.821546052631579 0.19736842105263158 0.04276315789473684
0 0.09703947368421052 0.8462171052631579 0.19407894736842105 0.04111842105263158
0 0.09703947368421052 0.8675986842105263 0.19407894736842105 0.044407894736842105
0 0.09457236842105263 0.8947368421052632 0.18914473684210525 0.04276315789473684
0 0.39144736842105265 0.3379934210526316 0.1924342105263158 0.047697368421052634
0 0.3840460526315789 0.3667763157894737 0.19572368421052633 0.04276315789473684
0 0.3815789473684211 0.390625 0.19901315789473684 0.04276315789473684
0 0.37664473684210525 0.4136513157894737 0.19736842105263158 0.04276315789473684
0 0.37417763157894735 0.43914473684210525 0.1924342105263158 0.04111842105263158
0 0.37335526315789475 0.4629934210526316 0.19901315789473684 0.044407894736842105
0 0.37006578947368424 0.4876644736842105 0.19901315789473684 0.04276315789473684
0 0.3667763157894737 0.5098684210526315 0.19736842105263158 0.044407894736842105
0 0.36430921052631576 0.5370065789473685 0.19901315789473684 0.04276315789473684
0 0.36348684210526316 0.5608552631578947 0.19901315789473684 0.04111842105263158
0 0.35855263157894735 0.584703947368421 0.19736842105263158 0.04276315789473684
0 0.35526315789473684 0.6069078947368421 0.20230263157894737 0.044407894736842105
0 0.3519736842105263 0.6324013157894737 0.20394736842105263 0.046052631578947366
0 0.34786184210526316 0.6570723684210527 0.20888157894736842 0.044407894736842105
0 0.3470394736842105 0.680921052631579 0.20888157894736842 0.04276315789473684
0 0.34457236842105265 0.7047697368421053 0.20559210526315788 0.04276315789473684
0 0.33963815789473684 0.727796052631579 0.20559210526315788 0.044407894736842105
0 0.33881578947368424 0.7532894736842105 0.20723684210526316 0.044407894736842105
0 0.3355263157894737 0.7779605263157895 0.20888157894736842 0.044407894736842105
0 0.3305921052631579 0.8018092105263158 0.20065789473684212 0.04276315789473684
0 0.32730263157894735 0.8240131578947368 0.20065789473684212 0.046052631578947366
0 0.32648026315789475 0.8511513157894737 0.20065789473684212 0.04276315789473684
0 0.3248355263157895 0.8733552631578947 0.20394736842105263 0.04111842105263158
0 0.3199013157894737 0.8988486842105263 0.20230263157894737 0.04111842105263158
0 0.31743421052631576 0.9235197368421053 0.20394736842105263 0.044407894736842105
0 0.615953947368421 0.37088815789473684 0.19407894736842105 0.044407894736842105
0 0.6151315789473685 0.3939144736842105 0.19407894736842105 0.04111842105263158
0 0.6126644736842105 0.4185855263157895 0.20065789473684212 0.046052631578947366
0 0.6085526315789473 0.4432565789473684 0.19736842105263158 0.039473684210526314
0 0.6060855263157895 0.4654605263157895 0.19736842105263158 0.04276315789473684
0 0.602796052631579 0.48930921052631576 0.19407894736842105 0.044407894736842105
0 0.6019736842105263 0.5148026315789473 0.19901315789473684 0.04276315789473684
0 0.5978618421052632 0.5386513157894737 0.19736842105263158 0.04276315789473684
0 0.5962171052631579 0.5633223684210527 0.19736842105263158 0.04276315789473684
0 0.5929276315789473 0.5888157894736842 0.19901315789473684 0.04111842105263158
0 0.5896381578947368 0.6110197368421053 0.20065789473684212 0.04276315789473684
0 0.5879934210526315 0.6348684210526315 0.20065789473684212 0.044407894736842105
0 0.5838815789473685 0.6603618421052632 0.19572368421052633 0.04276315789473684
0 0.5814144736842105 0.6833881578947368 0.19736842105263158 0.04111842105263158
0 0.578125 0.7072368421052632 0.19736842105263158 0.04276315789473684
0 0.5756578947368421 0.7319078947368421 0.19407894736842105 0.046052631578947366
0 0.5748355263157895 0.756578947368421 0.19572368421052633 0.04111842105263158
0 0.5674342105263158 0.78125 0.1875 0.04111842105263158
0 0.5657894736842105 0.803453947368421 0.1924342105263158 0.04276315789473684
0 0.5657894736842105 0.8289473684210527 0.19901315789473684 0.04276315789473684
0 0.5633223684210527 0.8536184210526315 0.19572368421052633 0.044407894736842105
0 0.5600328947368421 0.8774671052631579 0.20065789473684212 0.04276315789473684
0 0.555921052631579 0.9013157894736842 0.19901315789473684 0.04276315789473684
0 0.5542763157894737 0.9259868421052632 0.19901315789473684 0.04276315789473684
0 0.546875 0.9490131578947368 0.1924342105263158 0.04276315789473684
0 0.8478618421052632 0.3980263157894737 0.19572368421052633 0.04276315789473684
0 0.84375 0.421875 0.19407894736842105 0.04276315789473684
0 0.8421052631578947 0.4465460526315789 0.19407894736842105 0.04111842105263158
0 0.834703947368421 0.47039473684210525 0.18914473684210525 0.04276315789473684
0 0.8338815789473685 0.4942434210526316 0.19407894736842105 0.04276315789473684
0 0.8314144736842105 0.5180921052631579 0.1924342105263158 0.04276315789473684
0 0.8289473684210527 0.5419407894736842 0.19407894736842105 0.046052631578947366
0 0.8289473684210527 0.5674342105263158 0.19736842105263158 0.04276315789473684
0 0.8223684210526315 0.5912828947368421 0.1924342105263158 0.04111842105263158
0 0.8207236842105263 0.6143092105263158 0.1924342105263158 0.047697368421052634
0 0.8149671052631579 0.6398026315789473 0.1924342105263158 0.044407894736842105
0 0.8182565789473685 0.6644736842105263 0.19901315789473684 0.04111842105263158
0 0.8141447368421053 0.6866776315789473 0.19736842105263158 0.04276315789473684
0 0.8116776315789473 0.712171052631579 0.19572368421052633 0.04276315789473684
0 0.8075657894736842 0.7376644736842105 0.19572368421052633 0.04276315789473684
0 0.8067434210526315 0.7606907894736842 0.19736842105263158 0.04276315789473684
0 0.803453947368421 0.7861842105263158 0.19736842105263158 0.04276315789473684
0 0.8026315789473685 0.8100328947368421 0.20559210526315788 0.046052631578947366
0 0.7976973684210527 0.8338815789473685 0.19736842105263158 0.04276315789473684
0 0.7927631578947368 0.8569078947368421 0.19901315789473684 0.04276315789473684
0 0.7886513157894737 0.881578947368421 0.1924342105263158 0.04276315789473684
0 0.7853618421052632 0.9054276315789473 0.1924342105263158 0.04111842105263158
0 0.7853618421052632 0.9292763157894737 0.19572368421052633 0.04111842105263158
0 0.7828947368421053 0.9539473684210527 0.19407894736842105 0.04276315789473684
0 0.7828947368421053 0.977796052631579 0.20394736842105263 0.044407894736842105