6 0.4810855263157895 0.18338815789473684 0.37664473684210525 0.24342105263157895
5 0.4712171052631579 0.13815789473684212 0.34210526315789475 0.027960526315789474
5 0.4745065789473684 0.16036184210526316 0.34375 0.02631578947368421
5 0.4745065789473684 0.18092105263157895 0.34539473684210525 0.02631578947368421
5 0.47368421052631576 0.20476973684210525 0.34210526315789475 0.02631578947368421
5 0.47286184210526316 0.22532894736842105 0.3371710526315789 0.02631578947368421
5 0.47368421052631576 0.24671052631578946 0.3404605263157895 0.024671052631578948
5 0.47286184210526316 0.26726973684210525 0.3404605263157895 0.027960526315789474
5 0.4745065789473684 0.2894736842105263 0.34539473684210525 0.02631578947368421
1 0.4777960526315789 0.4629934210526316 0.8256578947368421 0.27960526315789475
3 0.48601973684210525 0.36348684210526316 0.7697368421052632 0.03782894736842105
3 0.4868421052631579 0.38898026315789475 0.7697368421052632 0.03618421052631579
3 0.48930921052631576 0.4128289473684211 0.7730263157894737 0.03453947368421053
3 0.4876644736842105 0.4375 0.7713815789473685 0.03289473684210526
3 0.4901315789473684 0.4605263157894737 0.7763157894736842 0.03453947368421053
3 0.48848684210526316 0.48355263157894735 0.7713815789473685 0.03453947368421053
3 0.4901315789473684 0.5074013157894737 0.7730263157894737 0.03618421052631579
3 0.4876644736842105 0.5320723684210527 0.7730263157894737 0.03618421052631579
3 0.4901315789473684 0.5550986842105263 0.7713815789473685 0.03618421052631579
3 0.48930921052631576 0.5797697368421053 0.7697368421052632 0.03782894736842105
2 0.48026315789473684 0.7582236842105263 0.8240131578947368 0.3042763157894737
3 0.4909539473684211 0.671875 0.7713815789473685 0.03782894736842105
3 0.4909539473684211 0.6973684210526315 0.7730263157894737 0.03618421052631579
3 0.4934210526315789 0.7212171052631579 0.7713815789473685 0.03618421052631579
3 0.4934210526315789 0.7442434210526315 0.7680921052631579 0.03618421052631579
3 0.4942434210526316 0.7689144736842105 0.7697368421052632 0.03618421052631579
3 0.4917763157894737 0.7944078947368421 0.7713815789473685 0.03782894736842105
3 0.4925986842105263 0.8199013157894737 0.7730263157894737 0.03453947368421053
3 0.4925986842105263 0.8421052631578947 0.7697368421052632 0.03618421052631579
3 0.4917763157894737 0.8675986842105263 0.7713815789473685 0.03618421052631579
3 0.4917763157894737 0.890625 0.7697368421052632 0.03289473684210526
4 0.9580592105263158 0.03042763157894737 0.019736842105263157 0.018092105263157895