0 0.18585526315789475 0.7787828947368421 0.1875 0.046052631578947366
0 0.1825657894736842 0.7541118421052632 0.18914473684210525 0.044407894736842105
0 0.17927631578947367 0.7302631578947368 0.19078947368421054 0.046052631578947366
0 0.17763157894736842 0.7055921052631579 0.1875 0.044407894736842105
0 0.17598684210526316 0.680921052631579 0.19078947368421054 0.044407894736842105
0 0.171875 0.65625 0.18914473684210525 0.04276315789473684
0 0.16940789473684212 0.6332236842105263 0.1875 0.044407894736842105
0 0.16776315789473684 0.6085526315789473 0.1875 0.04276315789473684
0 0.16611842105263158 0.584703947368421 0.18914473684210525 0.04276315789473684
0 0.16200657894736842 0.5616776315789473 0.19078947368421054 0.044407894736842105
0 0.15953947368421054 0.537828947368421 0.18914473684210525 0.044407894736842105
0 0.15707236842105263 0.5115131578947368 0.1924342105263158 0.047697368421052634
0 0.15378289473684212 0.4876644736842105 0.1924342105263158 0.044407894736842105
0 0.15213815789473684 0.46463815789473684 0.19407894736842105 0.04276315789473684
0 0.14884868421052633 0.4407894736842105 0.1875 0.04276315789473684
0 0.14638157894736842 0.41694078947368424 0.19078947368421054 0.04276315789473684
0 0.14473684210526316 0.3930921052631579 0.18585526315789475 0.044407894736842105
0 0.140625 0.3684210526315789 0.19407894736842105 0.044407894736842105
0 0.13980263157894737 0.34375 0.19901315789473684 0.049342105263157895
0 0.1356907894736842 0.3190789473684211 0.1924342105263158 0.044407894736842105
0 0.13404605263157895 0.29605263157894735 0.1924342105263158 0.046052631578947366
0 0.13075657894736842 0.2722039473684211 0.19078947368421054 0.044407894736842105
0 0.12582236842105263 0.24753289473684212 0.19078947368421054 0.04276315789473684
0 0.1225328947368421 0.2236842105263158 0.18585526315789475 0.04276315789473684
0 0.11924342105263158 0.19983552631578946 0.18585526315789475 0.046052631578947366
0 0.4144736842105263 0.7491776315789473 0.1924342105263158 0.04276315789473684
0 0.41118421052631576 0.7245065789473685 0.19407894736842105 0.04276315789473684
0 0.41118421052631576 0.6990131578947368 0.19901315789473684 0.044407894736842105
0 0.40707236842105265 0.6759868421052632 0.19572368421052633 0.04111842105263158
0 0.4037828947368421 0.6529605263157895 0.1924342105263158 0.04276315789473684
0 0.4004934210526316 0.6282894736842105 0.19078947368421054 0.039473684210526314
0 0.3980263157894737 0.6052631578947368 0.19901315789473684 0.04276315789473684
0 0.39473684210526316 0.5797697368421053 0.1924342105263158 0.04276315789473684
0 0.390625 0.555921052631579 0.1924342105263158 0.04276315789473684
0 0.38980263157894735 0.5328947368421053 0.19078947368421054 0.039473684210526314
0 0.38651315789473684 0.509046052631579 0.1875 0.044407894736842105
0 0.3832236842105263 0.484375 0.19407894736842105 0.04111842105263158
0 0.3824013157894737 0.4605263157894737 0.19078947368421054 0.04111842105263158
0 0.37993421052631576 0.43585526315789475 0.19078947368421054 0.04111842105263158
0 0.37993421052631576 0.4120065789473684 0.1924342105263158 0.046052631578947366
0 0.3774671052631579 0.3873355263157895 0.1924342105263158 0.04276315789473684
0 0.37335526315789475 0.36348684210526316 0.19736842105263158 0.04276315789473684
0 0.3717105263157895 0.3404605263157895 0.19078947368421054 0.04111842105263158
0 0.3675986842105263 0.3157894736842105 0.18914473684210525 0.044407894736842105
0 0.36348684210526316 0.2911184210526316 0.19407894736842105 0.039473684210526314
0 0.359375 0.2680921052631579 0.19572368421052633 0.04276315789473684
0 0.35444078947368424 0.24424342105263158 0.19407894736842105 0.04276315789473684
0 0.3527960526315789 0.21957236842105263 0.1924342105263158 0.04276315789473684
0 0.3511513157894737 0.19572368421052633 0.1924342105263158 0.04276315789473684
0 0.3470394736842105 0.17351973684210525 0.19078947368421054 0.04276315789473684
0 0.6324013157894737 0.600328947368421 0.1924342105263158 0.044407894736842105
0 0.6307565789473685 0.5748355263157895 0.19407894736842105 0.04276315789473684
0 0.6282894736842105 0.5509868421052632 0.19572368421052633 0.04111842105263158
0 0.6233552631578947 0.5279605263157895 0.19901315789473684 0.04276315789473684
0 0.6192434210526315 0.5041118421052632 0.20065789473684212 0.044407894736842105
0 0.618421052631579 0.47944078947368424 0.19736842105263158 0.039473684210526314
0 0.6151315789473685 0.4564144736842105 0.19572368421052633 0.04276315789473684
0 0.6126644736842105 0.43256578947368424 0.19901315789473684 0.04276315789473684
0 0.6085526315789473 0.40707236842105265 0.19736842105263158 0.044407894736842105
0 0.6060855263157895 0.3840460526315789 0.19407894736842105 0.04111842105263158
0 0.6052631578947368 0.359375 0.19901315789473684 0.04276315789473684
0 0.6019736842105263 0.3355263157894737 0.19407894736842105 0.04276315789473684
0 0.5978618421052632 0.31167763157894735 0.1924342105263158 0.04276315789473684
0 0.5962171052631579 0.2878289473684211 0.19407894736842105 0.04111842105263158
0 0.5929276315789473 0.2631578947368421 0.19572368421052633 0.04276315789473684
0 0.59375 0.23848684210526316 0.19572368421052633 0.04276315789473684
0 0.5921052631578947 0.21546052631578946 0.19572368421052633 0.04276315789473684
0 0.5863486842105263 0.19078947368421054 0.19407894736842105 0.044407894736842105
0 0.5814144736842105 0.1669407894736842 0.20065789473684212 0.04276315789473684
0 0.578125 0.14309210526315788 0.19736842105263158 0.044407894736842105
0 0.647203947368421 0.7203947368421053 0.19736842105263158 0.044407894736842105
0 0.6439144736842105 0.6949013157894737 0.19736842105263158 0.044407894736842105
0 0.6430921052631579 0.6726973684210527 0.19572368421052633 0.039473684210526314
0 0.640625 0.6480263157894737 0.19407894736842105 0.04111842105263158
0 0.6365131578947368 0.625 0.20065789473684212 0.044407894736842105
0 0.8741776315789473 0.6669407894736842 0.20559210526315788 0.044407894736842105
0 0.8700657894736842 0.6439144736842105 0.19407894736842105 0.04111842105263158
0 0.8667763157894737 0.6192434210526315 0.19407894736842105 0.04111842105263158
0 0.8651315789473685 0.5970394736842105 0.19572368421052633 0.04276315789473684
0 0.865953947368421 0.571546052631579 0.20065789473684212 0.04276315789473684
0 0.8626644736842105 0.5476973684210527 0.19901315789473684 0.04276315789473684
0 0.859375 0.5230263157894737 0.19572368421052633 0.04276315789473684
0 0.8560855263157895 0.49917763157894735 0.19736842105263158 0.04111842105263158
0 0.8519736842105263 0.4761513157894737 0.1924342105263158 0.04276315789473684
0 0.8486842105263158 0.45148026315789475 0.19736842105263158 0.04276315789473684
0 0.8445723684210527 0.4276315789473684 0.19901315789473684 0.044407894736842105
0 0.8429276315789473 0.4029605263157895 0.20065789473684212 0.04111842105263158
0 0.8388157894736842 0.3807565789473684 0.20559210526315788 0.04276315789473684
0 0.8363486842105263 0.3560855263157895 0.19572368421052633 0.04111842105263158
0 0.8338815789473685 0.3314144736842105 0.19901315789473684 0.044407894736842105
0 0.8322368421052632 0.30756578947368424 0.19407894736842105 0.04111842105263158
0 0.8322368421052632 0.28289473684210525 0.1924342105263158 0.044407894736842105
0 0.8240131578947368 0.2590460526315789 0.19736842105263158 0.04111842105263158
0 0.8240131578947368 0.23601973684210525 0.19572368421052633 0.04111842105263158
0 0.8199013157894737 0.21052631578947367 0.1924342105263158 0.04111842105263158
0 0.819078947368421 0.1875 0.19078947368421054 0.04111842105263158
0 0.8182565789473685 0.16200657894736842 0.19407894736842105 0.04111842105263158
0 0.8133223684210527 0.13898026315789475 0.18914473684210525 0.04111842105263158
0 0.8100328947368421 0.11513157894736842 0.18914473684210525 0.04276315789473684
0 0.875 0.6924342105263158 0.19736842105263158 0.04111842105263158
7 0.033717105263157895 0.12006578947368421 0.06743421052631579 0.03289473684210526