0 0.18174342105263158 0.7730263157894737 0.1875 0.04276315789473684
0 0.17763157894736842 0.7491776315789473 0.18914473684210525 0.04111842105263158
0 0.17516447368421054 0.7245065789473685 0.19078947368421054 0.04276315789473684
0 0.17434210526315788 0.6998355263157895 0.1875 0.04111842105263158
0 0.17269736842105263 0.6751644736842105 0.19078947368421054 0.04111842105263158
0 0.16940789473684212 0.6504934210526315 0.18914473684210525 0.039473684210526314
0 0.1669407894736842 0.6274671052631579 0.1875 0.04111842105263158
0 0.16611842105263158 0.602796052631579 0.1875 0.039473684210526314
0 0.16447368421052633 0.5789473684210527 0.18914473684210525 0.039473684210526314
0 0.1611842105263158 0.5550986842105263 0.19078947368421054 0.04111842105263158
0 0.15953947368421054 0.5320723684210527 0.18914473684210525 0.04111842105263158
0 0.15625 0.5057565789473685 0.1924342105263158 0.044407894736842105
0 0.15378289473684212 0.4819078947368421 0.1924342105263158 0.04111842105263158
0 0.15213815789473684 0.4588815789473684 0.19407894736842105 0.039473684210526314
0 0.14967105263157895 0.4342105263157895 0.1875 0.039473684210526314
0 0.14802631578947367 0.41036184210526316 0.19078947368421054 0.039473684210526314
0 0.14638157894736842 0.38651315789473684 0.18585526315789475 0.04111842105263158
0 0.14309210526315788 0.3618421052631579 0.19407894736842105 0.04111842105263158
0 0.14226973684210525 0.3371710526315789 0.19901315789473684 0.046052631578947366
0 0.13898026315789475 0.31332236842105265 0.1924342105263158 0.04111842105263158
0 0.13733552631578946 0.2902960526315789 0.1924342105263158 0.04276315789473684
0 0.13486842105263158 0.265625 0.19078947368421054 0.04111842105263158
0 0.13075657894736842 0.24095394736842105 0.19078947368421054 0.039473684210526314
0 0.12746710526315788 0.21792763157894737 0.18585526315789475 0.039473684210526314
0 0.12417763157894737 0.19325657894736842 0.18585526315789475 0.04276315789473684
0 0.41036184210526316 0.7475328947368421 0.1924342105263158 0.039473684210526314
0 0.40789473684210525 0.7228618421052632 0.19407894736842105 0.039473684210526314
0 0.40707236842105265 0.6973684210526315 0.19901315789473684 0.039473684210526314
0 0.40460526315789475 0.6743421052631579 0.19572368421052633 0.03782894736842105
0 0.40131578947368424 0.6513157894736842 0.1924342105263158 0.039473684210526314
0 0.3980263157894737 0.6266447368421053 0.19078947368421054 0.03782894736842105
0 0.39555921052631576 0.6036184210526315 0.19901315789473684 0.039473684210526314
0 0.3930921052631579 0.578125 0.1924342105263158 0.039473684210526314
0 0.38980263157894735 0.553453947368421 0.1924342105263158 0.039473684210526314
0 0.38898026315789475 0.5304276315789473 0.19078947368421054 0.03618421052631579
0 0.38651315789473684 0.506578947368421 0.1875 0.04111842105263158
0 0.3832236842105263 0.48273026315789475 0.19407894736842105 0.03782894736842105
0 0.3832236842105263 0.4588815789473684 0.19078947368421054 0.039473684210526314
0 0.3815789473684211 0.4342105263157895 0.1924342105263158 0.03782894736842105
0 0.3815789473684211 0.4095394736842105 0.1924342105263158 0.04276315789473684
0 0.37993421052631576 0.38569078947368424 0.1924342105263158 0.039473684210526314
0 0.375 0.36101973684210525 0.19736842105263158 0.039473684210526314
0 0.375 0.3379934210526316 0.1924342105263158 0.03782894736842105
0 0.37088815789473684 0.31332236842105265 0.18914473684210525 0.04111842105263158
0 0.3667763157894737 0.2886513157894737 0.19407894736842105 0.03618421052631579
0 0.36348684210526316 0.265625 0.19572368421052633 0.039473684210526314
0 0.35855263157894735 0.24177631578947367 0.19407894736842105 0.039473684210526314
0 0.35773026315789475 0.21710526315789475 0.1924342105263158 0.039473684210526314
0 0.3560855263157895 0.19325657894736842 0.1924342105263158 0.039473684210526314
0 0.3527960526315789 0.17105263157894737 0.19078947368421054 0.039473684210526314
0 0.6307565789473685 0.602796052631579 0.1924342105263158 0.04111842105263158
0 0.6299342105263158 0.5773026315789473 0.19407894736842105 0.039473684210526314
0 0.6274671052631579 0.553453947368421 0.19572368421052633 0.03782894736842105
0 0.6233552631578947 0.5304276315789473 0.19901315789473684 0.039473684210526314
0 0.6192434210526315 0.506578947368421 0.20065789473684212 0.04111842105263158
0 0.618421052631579 0.4819078947368421 0.19736842105263158 0.03618421052631579
0 0.6151315789473685 0.45805921052631576 0.19572368421052633 0.039473684210526314
0 0.6134868421052632 0.4342105263157895 0.19901315789473684 0.039473684210526314
0 0.6101973684210527 0.4087171052631579 0.19736842105263158 0.04111842105263158
0 0.6077302631578947 0.38651315789473684 0.19407894736842105 0.03782894736842105
0 0.6077302631578947 0.36101973684210525 0.19901315789473684 0.039473684210526314
0 0.6044407894736842 0.3379934210526316 0.19407894736842105 0.039473684210526314
0 0.6011513157894737 0.31332236842105265 0.1924342105263158 0.039473684210526314
0 0.600328947368421 0.2894736842105263 0.19407894736842105 0.03782894736842105
0 0.5970394736842105 0.26480263157894735 0.19572368421052633 0.039473684210526314
0 0.5986842105263158 0.24013157894736842 0.19572368421052633 0.039473684210526314
0 0.5970394736842105 0.21710526315789475 0.19572368421052633 0.039473684210526314
0 0.5921052631578947 0.1924342105263158 0.19407894736842105 0.04111842105263158
0 0.587171052631579 0.16858552631578946 0.20230263157894737 0.039473684210526314
0 0.5838815789473685 0.14473684210526316 0.19736842105263158 0.04111842105263158
0 0.6430921052631579 0.7228618421052632 0.19736842105263158 0.04111842105263158
0 0.640625 0.6973684210526315 0.19736842105263158 0.04111842105263158
0 0.6398026315789473 0.6751644736842105 0.19572368421052633 0.03618421052631579
0 0.6381578947368421 0.6504934210526315 0.19572368421052633 0.03782894736842105
0 0.634046052631579 0.6274671052631579 0.20065789473684212 0.04111842105263158
0 0.8717105263157895 0.6735197368421053 0.20559210526315788 0.04111842105263158
0 0.8675986842105263 0.649671052631579 0.19572368421052633 0.03782894736842105
0 0.8643092105263158 0.625 0.19572368421052633 0.03782894736842105
0 0.8634868421052632 0.6036184210526315 0.19572368421052633 0.039473684210526314
0 0.8643092105263158 0.578125 0.20065789473684212 0.039473684210526314
0 0.8618421052631579 0.553453947368421 0.19901315789473684 0.039473684210526314
0 0.8585526315789473 0.5296052631578947 0.19572368421052633 0.039473684210526314
0 0.8560855263157895 0.5057565789473685 0.19736842105263158 0.03782894736842105
0 0.8519736842105263 0.4819078947368421 0.1924342105263158 0.039473684210526314
0 0.8495065789473685 0.45723684210526316 0.19736842105263158 0.039473684210526314
0 0.8462171052631579 0.4342105263157895 0.19901315789473684 0.039473684210526314
0 0.8445723684210527 0.4095394736842105 0.20065789473684212 0.03782894736842105
0 0.8412828947368421 0.38651315789473684 0.20559210526315788 0.039473684210526314
0 0.8388157894736842 0.3618421052631579 0.19572368421052633 0.03782894736842105
0 0.837171052631579 0.3371710526315789 0.19901315789473684 0.039473684210526314
0 0.8355263157894737 0.31332236842105265 0.19572368421052633 0.03782894736842105
0 0.8355263157894737 0.2886513157894737 0.1924342105263158 0.04111842105263158
0 0.828125 0.26480263157894735 0.19736842105263158 0.03782894736842105
0 0.828125 0.24177631578947367 0.19572368421052633 0.03782894736842105
0 0.8248355263157895 0.21628289473684212 0.19407894736842105 0.03782894736842105
0 0.8240131578947368 0.19325657894736842 0.1924342105263158 0.03782894736842105
0 0.8240131578947368 0.16776315789473684 0.19407894736842105 0.03782894736842105
0 0.8199013157894737 0.14473684210526316 0.19078947368421054 0.03782894736842105
0 0.8166118421052632 0.12006578947368421 0.18914473684210525 0.039473684210526314
0 0.8717105263157895 0.6990131578947368 0.19736842105263158 0.03782894736842105
7 0.03700657894736842 0.11266447368421052 0.07401315789473684 0.03125