6 0.537828947368421 0.20970394736842105 0.42598684210526316 0.32730263157894735
5 0.5575657894736842 0.14309210526315788 0.3569078947368421 0.11842105263157894
5 0.5526315789473685 0.1669407894736842 0.3569078947368421 0.11513157894736842
5 0.5460526315789473 0.18832236842105263 0.3569078947368421 0.11513157894736842
5 0.540296052631579 0.20888157894736842 0.3569078947368421 0.11513157894736842
5 0.5345394736842105 0.23108552631578946 0.35526315789473684 0.11513157894736842
5 0.5287828947368421 0.2524671052631579 0.35526315789473684 0.11513157894736842
5 0.522203947368421 0.2730263157894737 0.35526315789473684 0.11513157894736842
5 0.5172697368421053 0.29523026315789475 0.35855263157894735 0.11513157894736842
0 0.19161184210526316 0.26726973684210525 0.18585526315789475 0.06907894736842106
0 0.1875 0.29194078947368424 0.19078947368421054 0.07236842105263158
0 0.18092105263157895 0.3157894736842105 0.1875 0.06907894736842106
0 0.17434210526315788 0.33881578947368424 0.18585526315789475 0.07072368421052631
0 0.16776315789473684 0.3626644736842105 0.18585526315789475 0.06907894736842106
0 0.1611842105263158 0.38569078947368424 0.18585526315789475 0.06907894736842106
0 0.15625 0.41036184210526316 0.18914473684210525 0.06743421052631579
0 0.14802631578947367 0.4350328947368421 0.1825657894736842 0.06414473684210527
0 0.14144736842105263 0.45723684210526316 0.18421052631578946 0.06907894736842106
0 0.13486842105263158 0.48026315789473684 0.18421052631578946 0.06578947368421052
0 0.12828947368421054 0.5041118421052632 0.18092105263157895 0.06578947368421052
0 0.12171052631578948 0.5271381578947368 0.18421052631578946 0.06578947368421052
0 0.11430921052631579 0.5509868421052632 0.1875 0.06743421052631579
0 0.11019736842105263 0.5748355263157895 0.1924342105263158 0.06743421052631579
0 0.10032894736842106 0.5978618421052632 0.18421052631578946 0.06578947368421052
0 0.0962171052631579 0.6217105263157895 0.18421052631578946 0.06414473684210527
0 0.08963815789473684 0.6447368421052632 0.17927631578947367 0.06578947368421052
0 0.08799342105263158 0.6677631578947368 0.17598684210526316 0.06578947368421052
0 0.08552631578947369 0.6916118421052632 0.17105263157894737 0.06743421052631579
0 0.08305921052631579 0.7138157894736842 0.16611842105263158 0.06907894736842106
0 0.08141447368421052 0.7393092105263158 0.16282894736842105 0.06743421052631579
0 0.078125 0.7615131578947368 0.15625 0.06907894736842106
0 0.07401315789473684 0.7870065789473685 0.14802631578947367 0.06743421052631579
0 0.07236842105263158 0.8083881578947368 0.14473684210526316 0.07072368421052631
0 0.06825657894736842 0.8338815789473685 0.13651315789473684 0.06907894736842106
0 0.4152960526315789 0.3248355263157895 0.19078947368421054 0.07401315789473684
0 0.4037828947368421 0.3511513157894737 0.1924342105263158 0.06907894736842106
0 0.3980263157894737 0.37582236842105265 0.19572368421052633 0.06907894736842106
0 0.38980263157894735 0.3972039473684211 0.19572368421052633 0.07072368421052631
0 0.3840460526315789 0.421875 0.19078947368421054 0.06578947368421052
0 0.37993421052631576 0.4457236842105263 0.19736842105263158 0.07072368421052631
0 0.3725328947368421 0.46957236842105265 0.19736842105263158 0.06907894736842106
0 0.3667763157894737 0.4917763157894737 0.19407894736842105 0.07072368421052631
0 0.36101973684210525 0.5180921052631579 0.19572368421052633 0.06907894736842106
0 0.3560855263157895 0.5411184210526315 0.19736842105263158 0.06743421052631579
0 0.34868421052631576 0.5641447368421053 0.19407894736842105 0.06907894736842106
0 0.3412828947368421 0.5863486842105263 0.19901315789473684 0.07072368421052631
0 0.3347039473684211 0.6110197368421053 0.20065789473684212 0.07236842105263158
0 0.328125 0.634046052631579 0.20559210526315788 0.07236842105263158
0 0.32319078947368424 0.6578947368421053 0.20559210526315788 0.07072368421052631
0 0.31743421052631576 0.680921052631579 0.20230263157894737 0.07072368421052631
0 0.3092105263157895 0.703125 0.20230263157894737 0.07072368421052631
0 0.3050986842105263 0.7286184210526315 0.20559210526315788 0.07236842105263158
0 0.29851973684210525 0.7524671052631579 0.20559210526315788 0.07236842105263158
0 0.2902960526315789 0.774671052631579 0.19901315789473684 0.07072368421052631
0 0.2845394736842105 0.796875 0.19901315789473684 0.07236842105263158
0 0.27960526315789475 0.8231907894736842 0.19901315789473684 0.07072368421052631
0 0.2746710526315789 0.8453947368421053 0.20065789473684212 0.06907894736842106
0 0.26644736842105265 0.8700657894736842 0.20065789473684212 0.06907894736842106
0 0.2598684210526316 0.8939144736842105 0.20065789473684212 0.07236842105263158
0 0.6332236842105263 0.3881578947368421 0.19078947368421054 0.06907894736842106
0 0.6282894736842105 0.41118421052631576 0.19078947368421054 0.06743421052631579
0 0.6233552631578947 0.4350328947368421 0.19736842105263158 0.07236842105263158
0 0.615953947368421 0.4588815789473684 0.19407894736842105 0.06743421052631579
0 0.6101973684210527 0.4810855263157895 0.19407894736842105 0.06907894736842106
0 0.6036184210526315 0.5041118421052632 0.1924342105263158 0.07072368421052631
0 0.5986842105263158 0.5287828947368421 0.19572368421052633 0.06907894736842106
0 0.5912828947368421 0.5518092105263158 0.19407894736842105 0.06907894736842106
0 0.5863486842105263 0.5756578947368421 0.19407894736842105 0.06907894736842106
0 0.5797697368421053 0.600328947368421 0.19736842105263158 0.06743421052631579
0 0.5731907894736842 0.6225328947368421 0.19736842105263158 0.07072368421052631
0 0.5682565789473685 0.6463815789473685 0.19736842105263158 0.07072368421052631
0 0.5608552631578947 0.6702302631578947 0.1924342105263158 0.06907894736842106
0 0.5550986842105263 0.6924342105263158 0.19407894736842105 0.06907894736842106
0 0.5485197368421053 0.7162828947368421 0.19407894736842105 0.06907894736842106
0 0.5427631578947368 0.7401315789473685 0.1924342105263158 0.07236842105263158
0 0.537828947368421 0.7648026315789473 0.19407894736842105 0.06743421052631579
0 0.5279605263157895 0.787828947368421 0.18585526315789475 0.06578947368421052
0 0.522203947368421 0.8100328947368421 0.18914473684210525 0.06743421052631579
0 0.5189144736842105 0.834703947368421 0.19572368421052633 0.06907894736842106
0 0.5139802631578947 0.8585526315789473 0.1924342105263158 0.07072368421052631
0 0.506578947368421 0.8824013157894737 0.19901315789473684 0.06907894736842106
0 0.49917763157894735 0.9054276315789473 0.19736842105263158 0.06907894736842106
0 0.49506578947368424 0.9292763157894737 0.19572368421052633 0.06907894736842106
0 0.48355263157894735 0.9514802631578947 0.19078947368421054 0.06743421052631579
0 0.8585526315789473 0.4473684210526316 0.1924342105263158 0.06907894736842106
0 0.8511513157894737 0.47039473684210525 0.1924342105263158 0.06907894736842106
0 0.8462171052631579 0.49506578947368424 0.19078947368421054 0.06743421052631579
0 0.8355263157894737 0.5172697368421053 0.1875 0.06907894736842106
0 0.8314144736842105 0.5411184210526315 0.19078947368421054 0.06907894736842106
0 0.8256578947368421 0.5641447368421053 0.19078947368421054 0.06743421052631579
0 0.8199013157894737 0.587171052631579 0.1924342105263158 0.07236842105263158
0 0.8166118421052632 0.6126644736842105 0.19572368421052633 0.06907894736842106
0 0.8067434210526315 0.6348684210526315 0.19078947368421054 0.06743421052631579
0 0.8018092105263158 0.6570723684210527 0.19078947368421054 0.07236842105263158
0 0.7927631578947368 0.6825657894736842 0.19078947368421054 0.07072368421052631
0 0.7919407894736842 0.7064144736842105 0.19572368421052633 0.06743421052631579
0 0.7853618421052632 0.7286184210526315 0.19407894736842105 0.06907894736842106
0 0.7796052631578947 0.7532894736842105 0.19407894736842105 0.06907894736842106
0 0.7713815789473685 0.7779605263157895 0.1924342105263158 0.06907894736842106
0 0.7672697368421053 0.8009868421052632 0.19407894736842105 0.06907894736842106
0 0.7606907894736842 0.8256578947368421 0.19407894736842105 0.06907894736842106
0 0.756578947368421 0.8486842105263158 0.20230263157894737 0.07236842105263158
0 0.7483552631578947 0.8725328947368421 0.19407894736842105 0.06907894736842106
0 0.7401315789473685 0.8939144736842105 0.19572368421052633 0.06907894736842106
0 0.7327302631578947 0.9185855263157895 0.18914473684210525 0.06743421052631579
0 0.7261513157894737 0.9407894736842105 0.18914473684210525 0.06743421052631579
0 0.7228618421052632 0.9646381578947368 0.1924342105263158 0.06743421052631579
0 0.7171052631578947 0.9769736842105263 0.19078947368421054 0.046052631578947366
0 0.712171052631579 0.9884868421052632 0.20065789473684212 0.023026315789473683