6 0.40213815789473684 0.2236842105263158 0.4194078947368421 0.31085526315789475
5 0.38898026315789475 0.15625 0.36019736842105265 0.10032894736842106
5 0.39555921052631576 0.17927631578947367 0.36019736842105265 0.09703947368421052
5 0.3996710526315789 0.20065789473684212 0.36019736842105265 0.09703947368421052
5 0.4037828947368421 0.22203947368421054 0.36019736842105265 0.09703947368421052
5 0.4087171052631579 0.24424342105263158 0.35855263157894735 0.09703947368421052
5 0.4136513157894737 0.26644736842105265 0.35855263157894735 0.09703947368421052
5 0.41694078947368424 0.2870065789473684 0.35855263157894735 0.09703947368421052
5 0.42269736842105265 0.3100328947368421 0.3618421052631579 0.09703947368421052
0 0.12006578947368421 0.43256578947368424 0.1875 0.06085526315789474
0 0.12664473684210525 0.4564144736842105 0.1924342105263158 0.0625
0 0.13157894736842105 0.4810855263157895 0.18914473684210525 0.06085526315789474
0 0.13651315789473684 0.5041118421052632 0.1875 0.06085526315789474
0 0.14144736842105263 0.5279605263157895 0.1875 0.05921052631578947
0 0.14638157894736842 0.5518092105263158 0.1875 0.05921052631578947
0 0.15296052631578946 0.5764802631578947 0.19078947368421054 0.05756578947368421
0 0.15707236842105263 0.6011513157894737 0.1825657894736842 0.05592105263157895
0 0.1611842105263158 0.625 0.18421052631578946 0.05921052631578947
0 0.16611842105263158 0.6480263157894737 0.18585526315789475 0.05756578947368421
0 0.17105263157894737 0.6726973684210527 0.1825657894736842 0.05756578947368421
0 0.17516447368421054 0.6957236842105263 0.18585526315789475 0.05756578947368421
0 0.17927631578947367 0.7203947368421053 0.18914473684210525 0.05756578947368421
0 0.18667763157894737 0.7442434210526315 0.19407894736842105 0.05756578947368421
0 0.18832236842105263 0.7689144736842105 0.18585526315789475 0.05756578947368421
0 0.19572368421052633 0.7919407894736842 0.18585526315789475 0.054276315789473686
0 0.19901315789473684 0.8166118421052632 0.18421052631578946 0.05592105263157895
0 0.20559210526315788 0.8388157894736842 0.18585526315789475 0.05592105263157895
0 0.21052631578947367 0.8634868421052632 0.18914473684210525 0.05756578947368421
0 0.21546052631578946 0.8856907894736842 0.1924342105263158 0.06085526315789474
0 0.22039473684210525 0.9111842105263158 0.19736842105263158 0.05756578947368421
0 0.22697368421052633 0.9333881578947368 0.19572368421052633 0.05921052631578947
0 0.23190789473684212 0.9588815789473685 0.1924342105263158 0.05756578947368421
0 0.23766447368421054 0.9745065789473685 0.19572368421052633 0.05098684210526316
0 0.24259868421052633 0.9876644736842105 0.1924342105263158 0.024671052631578948
0 0.34457236842105265 0.3824013157894737 0.1924342105263158 0.06414473684210527
0 0.3470394736842105 0.41118421052631576 0.19407894736842105 0.05921052631578947
0 0.3527960526315789 0.43585526315789475 0.19736842105263158 0.05921052631578947
0 0.35526315789473684 0.4588815789473684 0.19572368421052633 0.06085526315789474
0 0.36101973684210525 0.48355263157894735 0.1924342105263158 0.05756578947368421
0 0.3684210526315789 0.5057565789473685 0.19736842105263158 0.06085526315789474
0 0.3725328947368421 0.5304276315789473 0.19901315789473684 0.05921052631578947
0 0.3774671052631579 0.5526315789473685 0.19572368421052633 0.06085526315789474
0 0.3840460526315789 0.5789473684210527 0.19736842105263158 0.05921052631578947
0 0.390625 0.6019736842105263 0.19901315789473684 0.05756578947368421
0 0.3939144736842105 0.6258223684210527 0.19572368421052633 0.05921052631578947
0 0.3980263157894737 0.6488486842105263 0.20065789473684212 0.06085526315789474
0 0.4029605263157895 0.6735197368421053 0.20230263157894737 0.0625
0 0.40789473684210525 0.6981907894736842 0.20723684210526316 0.0625
0 0.4144736842105263 0.7212171052631579 0.20723684210526316 0.06085526315789474
0 0.42023026315789475 0.7442434210526315 0.20394736842105263 0.06085526315789474
0 0.42269736842105265 0.7680921052631579 0.20394736842105263 0.06085526315789474
0 0.4300986842105263 0.7919407894736842 0.20723684210526316 0.06085526315789474
0 0.4350328947368421 0.8166118421052632 0.20723684210526316 0.0625
0 0.4375 0.8404605263157895 0.20065789473684212 0.06085526315789474
0 0.44243421052631576 0.8626644736842105 0.20065789473684212 0.0625
0 0.4506578947368421 0.8881578947368421 0.20065789473684212 0.06085526315789474
0 0.4564144736842105 0.9103618421052632 0.20230263157894737 0.05921052631578947
0 0.4597039473684211 0.9358552631578947 0.20065789473684212 0.05921052631578947
0 0.46463815789473684 0.959703947368421 0.20230263157894737 0.06085526315789474
0 0.5674342105263158 0.3404605263157895 0.1924342105263158 0.06085526315789474
0 0.5740131578947368 0.3626644736842105 0.1924342105263158 0.05756578947368421
0 0.5797697368421053 0.38651315789473684 0.19901315789473684 0.0625
0 0.584703947368421 0.41036184210526316 0.19572368421052633 0.05756578947368421
0 0.5888157894736842 0.43338815789473684 0.19572368421052633 0.05921052631578947
0 0.59375 0.4564144736842105 0.19407894736842105 0.06085526315789474
0 0.6011513157894737 0.4810855263157895 0.19736842105263158 0.05921052631578947
0 0.6052631578947368 0.5049342105263158 0.19572368421052633 0.05921052631578947
0 0.6110197368421053 0.5287828947368421 0.19572368421052633 0.05921052631578947
0 0.6167763157894737 0.553453947368421 0.19901315789473684 0.05756578947368421
0 0.6208881578947368 0.5756578947368421 0.19901315789473684 0.06085526315789474
0 0.6266447368421053 0.5995065789473685 0.19901315789473684 0.06085526315789474
0 0.631578947368421 0.6241776315789473 0.19407894736842105 0.05921052631578947
0 0.6365131578947368 0.6463815789473685 0.19572368421052633 0.05921052631578947
0 0.6414473684210527 0.6710526315789473 0.19572368421052633 0.05921052631578947
0 0.647203947368421 0.6949013157894737 0.1924342105263158 0.0625
0 0.6537828947368421 0.71875 0.19572368421052633 0.05756578947368421
0 0.6554276315789473 0.743421052631579 0.1875 0.05592105263157895
0 0.6611842105263158 0.765625 0.19078947368421054 0.05756578947368421
0 0.6694078947368421 0.7894736842105263 0.19736842105263158 0.05921052631578947
0 0.6751644736842105 0.8133223684210527 0.19407894736842105 0.06085526315789474
0 0.6792763157894737 0.8379934210526315 0.20065789473684212 0.05921052631578947
0 0.6833881578947368 0.8610197368421053 0.19901315789473684 0.05921052631578947
0 0.6899671052631579 0.8848684210526315 0.19736842105263158 0.05921052631578947
0 0.6907894736842105 0.9095394736842105 0.19078947368421054 0.05756578947368421
0 0.7960526315789473 0.2902960526315789 0.19407894736842105 0.05921052631578947
0 0.7993421052631579 0.31414473684210525 0.1924342105263158 0.05921052631578947
0 0.805921052631579 0.3379934210526316 0.1924342105263158 0.05756578947368421
0 0.8075657894736842 0.36348684210526316 0.18914473684210525 0.05921052631578947
0 0.8141447368421053 0.38651315789473684 0.1924342105263158 0.05921052631578947
0 0.8199013157894737 0.4095394736842105 0.19078947368421054 0.05756578947368421
0 0.8248355263157895 0.43256578947368424 0.1924342105263158 0.0625
0 0.8330592105263158 0.45723684210526316 0.19736842105263158 0.05921052631578947
0 0.834703947368421 0.4810855263157895 0.1924342105263158 0.05756578947368421
0 0.8404605263157895 0.5032894736842105 0.19078947368421054 0.0625
0 0.84375 0.5296052631578947 0.1924342105263158 0.06085526315789474
0 0.8536184210526315 0.5518092105263158 0.19736842105263158 0.05756578947368421
0 0.8577302631578947 0.5740131578947368 0.19572368421052633 0.05921052631578947
0 0.8643092105263158 0.5995065789473685 0.19407894736842105 0.05921052631578947
0 0.8675986842105263 0.6241776315789473 0.19407894736842105 0.05921052631578947
0 0.875 0.6463815789473685 0.19572368421052633 0.05921052631578947
0 0.8799342105263158 0.6710526315789473 0.19572368421052633 0.05921052631578947
0 0.8865131578947368 0.694078947368421 0.20394736842105263 0.0625
0 0.890625 0.71875 0.19572368421052633 0.05921052631578947
0 0.8930921052631579 0.7417763157894737 0.19736842105263158 0.05921052631578947
0 0.897203947368421 0.7672697368421053 0.19078947368421054 0.05756578947368421
0 0.9013157894736842 0.790296052631579 0.19078947368421054 0.05756578947368421
0 0.90625 0.8133223684210527 0.1875 0.05756578947368421
0 0.9095394736842105 0.837171052631579 0.18092105263157895 0.05921052631578947
0 0.9103618421052632 0.859375 0.17927631578947367 0.06085526315789474