0 0.13404605263157895 0.26151315789473684 0.17927631578947367 0.039473684210526314
0 0.1356907894736842 0.2845394736842105 0.17927631578947367 0.03618421052631579
0 0.13980263157894737 0.30756578947368424 0.18585526315789475 0.039473684210526314
0 0.14226973684210525 0.3305921052631579 0.18092105263157895 0.03782894736842105
0 0.14720394736842105 0.3536184210526316 0.1875 0.03782894736842105
0 0.14967105263157895 0.37664473684210525 0.19078947368421054 0.039473684210526314
0 0.15542763157894737 0.3988486842105263 0.19572368421052633 0.04111842105263158
0 0.15625 0.42269736842105265 0.1875 0.04111842105263158
0 0.15871710526315788 0.4457236842105263 0.19407894736842105 0.04276315789473684
0 0.15953947368421054 0.4712171052631579 0.18421052631578946 0.039473684210526314
0 0.16447368421052633 0.4925986842105263 0.18585526315789475 0.03782894736842105
0 0.16529605263157895 0.515625 0.1875 0.04276315789473684
0 0.1669407894736842 0.540296052631579 0.18421052631578946 0.039473684210526314
0 0.16858552631578946 0.5641447368421053 0.17927631578947367 0.03618421052631579
0 0.17351973684210525 0.5863486842105263 0.19407894736842105 0.04111842105263158
0 0.17351973684210525 0.6110197368421053 0.1875 0.039473684210526314
0 0.17516447368421054 0.634046052631579 0.19078947368421054 0.04111842105263158
0 0.17927631578947367 0.6570723684210527 0.1825657894736842 0.03618421052631579
0 0.1825657894736842 0.6800986842105263 0.18585526315789475 0.04111842105263158
0 0.18174342105263158 0.703125 0.18421052631578946 0.03782894736842105
0 0.18585526315789475 0.7261513157894737 0.1875 0.039473684210526314
0 0.1875 0.7491776315789473 0.18092105263157895 0.03782894736842105
0 0.18996710526315788 0.7738486842105263 0.18421052631578946 0.03618421052631579
0 0.19161184210526316 0.796875 0.1825657894736842 0.039473684210526314
0 0.19490131578947367 0.8199013157894737 0.1924342105263158 0.03782894736842105
0 0.36348684210526316 0.23684210526315788 0.18914473684210525 0.04276315789473684
0 0.3684210526315789 0.2598684210526316 0.19078947368421054 0.03618421052631579
0 0.37088815789473684 0.28207236842105265 0.19572368421052633 0.03782894736842105
0 0.37417763157894735 0.3050986842105263 0.19572368421052633 0.04111842105263158
0 0.37582236842105265 0.328125 0.1924342105263158 0.039473684210526314
0 0.3840460526315789 0.3519736842105263 0.20230263157894737 0.039473684210526314
0 0.3873355263157895 0.3774671052631579 0.19572368421052633 0.03782894736842105
0 0.3848684210526316 0.3996710526315789 0.18914473684210525 0.039473684210526314
0 0.3881578947368421 0.42351973684210525 0.19736842105263158 0.039473684210526314
0 0.3881578947368421 0.4457236842105263 0.19078947368421054 0.039473684210526314
0 0.38980263157894735 0.47039473684210525 0.18914473684210525 0.03782894736842105
0 0.3930921052631579 0.4934210526315789 0.18914473684210525 0.03782894736842105
0 0.3930921052631579 0.5172697368421053 0.19407894736842105 0.04111842105263158
0 0.40131578947368424 0.537828947368421 0.19407894736842105 0.03618421052631579
0 0.40131578947368424 0.5616776315789473 0.19407894736842105 0.04111842105263158
0 0.4037828947368421 0.5855263157894737 0.18914473684210525 0.039473684210526314
0 0.4029605263157895 0.6101973684210527 0.18914473684210525 0.03782894736842105
0 0.40707236842105265 0.6332236842105263 0.19078947368421054 0.039473684210526314
0 0.41118421052631576 0.65625 0.1875 0.03782894736842105
0 0.41118421052631576 0.6776315789473685 0.1825657894736842 0.03782894736842105
0 0.4161184210526316 0.7047697368421053 0.19572368421052633 0.04276315789473684
0 0.41694078947368424 0.727796052631579 0.1825657894736842 0.03782894736842105
0 0.4194078947368421 0.7491776315789473 0.1924342105263158 0.039473684210526314
0 0.4243421052631579 0.772203947368421 0.19078947368421054 0.039473684210526314
0 0.4243421052631579 0.7960526315789473 0.18585526315789475 0.03782894736842105
0 0.5986842105263158 0.21299342105263158 0.1875 0.03782894736842105
0 0.5986842105263158 0.23601973684210525 0.19078947368421054 0.04111842105263158
0 0.6011513157894737 0.2590460526315789 0.19407894736842105 0.039473684210526314
0 0.6044407894736842 0.28207236842105265 0.20230263157894737 0.04111842105263158
0 0.6069078947368421 0.3034539473684211 0.19572368421052633 0.039473684210526314
0 0.6126644736842105 0.328125 0.19407894736842105 0.03782894736842105
0 0.6151315789473685 0.3511513157894737 0.19572368421052633 0.039473684210526314
0 0.6175986842105263 0.375 0.18585526315789475 0.03782894736842105
0 0.6175986842105263 0.3980263157894737 0.1875 0.039473684210526314
0 0.6192434210526315 0.42105263157894735 0.18914473684210525 0.03782894736842105
0 0.6217105263157895 0.4457236842105263 0.19078947368421054 0.04276315789473684
0 0.6241776315789473 0.46875 0.18914473684210525 0.03782894736842105
0 0.6274671052631579 0.4917763157894737 0.18914473684210525 0.039473684210526314
0 0.6291118421052632 0.5139802631578947 0.19572368421052633 0.03618421052631579
0 0.6348684210526315 0.5370065789473685 0.20065789473684212 0.039473684210526314
0 0.6348684210526315 0.5600328947368421 0.1875 0.03782894736842105
0 0.6365131578947368 0.5838815789473685 0.19078947368421054 0.039473684210526314
0 0.6398026315789473 0.6077302631578947 0.18585526315789475 0.039473684210526314
0 0.6439144736842105 0.6307565789473685 0.1924342105263158 0.04111842105263158
0 0.6488486842105263 0.6537828947368421 0.19572368421052633 0.03782894736842105
0 0.6513157894736842 0.6768092105263158 0.20065789473684212 0.03782894736842105
0 0.6504934210526315 0.6998355263157895 0.19407894736842105 0.04111842105263158
0 0.6521381578947368 0.7236842105263158 0.1875 0.039473684210526314
0 0.6554276315789473 0.7458881578947368 0.18914473684210525 0.03782894736842105
0 0.6587171052631579 0.7713815789473685 0.19407894736842105 0.03782894736842105
0 0.8305921052631579 0.18585526315789475 0.18585526315789475 0.039473684210526314
0 0.834703947368421 0.20970394736842105 0.18914473684210525 0.03782894736842105
0 0.837171052631579 0.23355263157894737 0.18914473684210525 0.03782894736842105
0 0.8412828947368421 0.2565789473684211 0.1875 0.039473684210526314
0 0.8412828947368421 0.2787828947368421 0.1875 0.039473684210526314
0 0.84375 0.3034539473684211 0.1875 0.039473684210526314
0 0.8478618421052632 0.3256578947368421 0.19078947368421054 0.03618421052631579
0 0.850328947368421 0.34868421052631576 0.19078947368421054 0.039473684210526314
0 0.8462171052631579 0.3725328947368421 0.18914473684210525 0.03782894736842105
0 0.852796052631579 0.3963815789473684 0.1924342105263158 0.04111842105263158
0 0.8544407894736842 0.42023026315789475 0.1924342105263158 0.039473684210526314
0 0.8569078947368421 0.44243421052631576 0.18914473684210525 0.03453947368421053
0 0.8585526315789473 0.4654605263157895 0.1875 0.03618421052631579
0 0.859375 0.4909539473684211 0.1924342105263158 0.04111842105263158
0 0.865953947368421 0.5131578947368421 0.19078947368421054 0.04111842105263158
0 0.8675986842105263 0.5361842105263158 0.19078947368421054 0.03782894736842105
0 0.8700657894736842 0.5592105263157895 0.18914473684210525 0.03782894736842105
0 0.875 0.5822368421052632 0.19078947368421054 0.039473684210526314
0 0.8766447368421053 0.6060855263157895 0.19572368421052633 0.03782894736842105
0 0.8791118421052632 0.6299342105263158 0.19572368421052633 0.039473684210526314
0 0.8807565789473685 0.6529605263157895 0.1875 0.03782894736842105
0 0.8832236842105263 0.6759868421052632 0.1875 0.03782894736842105
0 0.8856907894736842 0.6990131578947368 0.1924342105263158 0.04111842105263158
0 0.8865131578947368 0.7228618421052632 0.1875 0.03782894736842105
0 0.890625 0.7442434210526315 0.1875 0.039473684210526314