0 0.14309210526315788 0.24917763157894737 0.17927631578947367 0.03289473684210526
0 0.14391447368421054 0.2722039473684211 0.17927631578947367 0.03125
0 0.14720394736842105 0.29523026315789475 0.18585526315789475 0.03289473684210526
0 0.14884868421052633 0.3182565789473684 0.18092105263157895 0.03125
0 0.15296052631578946 0.3412828947368421 0.18585526315789475 0.03125
0 0.15378289473684212 0.36430921052631576 0.19078947368421054 0.03289473684210526
0 0.15871710526315788 0.3873355263157895 0.19572368421052633 0.03453947368421053
0 0.15871710526315788 0.41118421052631576 0.1875 0.03453947368421053
0 0.16036184210526316 0.4342105263157895 0.19407894736842105 0.03618421052631579
0 0.1611842105263158 0.4597039473684211 0.18421052631578946 0.03289473684210526
0 0.16447368421052633 0.48026315789473684 0.18421052631578946 0.03125
0 0.16447368421052633 0.5032894736842105 0.1875 0.03618421052631579
0 0.16529605263157895 0.5279605263157895 0.18421052631578946 0.03289473684210526
0 0.16611842105263158 0.5518092105263158 0.17927631578947367 0.03125
0 0.17023026315789475 0.5748355263157895 0.19407894736842105 0.03453947368421053
0 0.16940789473684212 0.5995065789473685 0.1875 0.03289473684210526
0 0.17023026315789475 0.6225328947368421 0.19078947368421054 0.03453947368421053
0 0.17351973684210525 0.6455592105263158 0.18092105263157895 0.03125
0 0.17598684210526316 0.6685855263157895 0.18585526315789475 0.03453947368421053
0 0.17434210526315788 0.6916118421052632 0.18421052631578946 0.03125
0 0.17763157894736842 0.7154605263157895 0.1875 0.03289473684210526
0 0.17845394736842105 0.7384868421052632 0.18092105263157895 0.03125
0 0.18009868421052633 0.7631578947368421 0.18421052631578946 0.029605263157894735
0 0.18092105263157895 0.7861842105263158 0.1825657894736842 0.03289473684210526
0 0.18338815789473684 0.8092105263157895 0.19078947368421054 0.03125
0 0.3725328947368421 0.23190789473684212 0.18914473684210525 0.03618421052631579
0 0.37664473684210525 0.2557565789473684 0.19078947368421054 0.029605263157894735
0 0.37911184210526316 0.2779605263157895 0.19572368421052633 0.03125
0 0.3815789473684211 0.3001644736842105 0.19572368421052633 0.03453947368421053
0 0.3824013157894737 0.32319078947368424 0.1924342105263158 0.03289473684210526
0 0.38980263157894735 0.34786184210526316 0.20230263157894737 0.03289473684210526
0 0.39144736842105265 0.37335526315789475 0.19407894736842105 0.03125
0 0.38898026315789475 0.39555921052631576 0.18914473684210525 0.03289473684210526
0 0.390625 0.4194078947368421 0.19736842105263158 0.03289473684210526
0 0.390625 0.44161184210526316 0.19078947368421054 0.03289473684210526
0 0.39144736842105265 0.4662828947368421 0.18914473684210525 0.03125
0 0.3939144736842105 0.48930921052631576 0.18914473684210525 0.03125
0 0.3930921052631579 0.5131578947368421 0.19407894736842105 0.03453947368421053
0 0.4004934210526316 0.5345394736842105 0.19407894736842105 0.029605263157894735
0 0.3996710526315789 0.5583881578947368 0.19407894736842105 0.03453947368421053
0 0.40131578947368424 0.5822368421052632 0.18914473684210525 0.03289473684210526
0 0.3996710526315789 0.6069078947368421 0.18914473684210525 0.03125
0 0.4029605263157895 0.6299342105263158 0.19078947368421054 0.03289473684210526
0 0.40625 0.6529605263157895 0.18585526315789475 0.03125
4 0.9449013157894737 0.004111842105263158 0.018092105263157895 0.008223684210526315
0 0.40542763157894735 0.6751644736842105 0.1825657894736842 0.03125
0 0.4095394736842105 0.7014802631578947 0.19572368421052633 0.03618421052631579
0 0.4095394736842105 0.7245065789473685 0.1825657894736842 0.03289473684210526
0 0.41118421052631576 0.7458881578947368 0.1924342105263158 0.03289473684210526
0 0.4152960526315789 0.7697368421052632 0.19078947368421054 0.03289473684210526
0 0.4144736842105263 0.7927631578947368 0.18585526315789475 0.03125
0 0.6085526315789473 0.21628289473684212 0.18585526315789475 0.03125
0 0.6077302631578947 0.2393092105263158 0.19078947368421054 0.03453947368421053
0 0.609375 0.2623355263157895 0.19407894736842105 0.03289473684210526
0 0.6118421052631579 0.28618421052631576 0.20230263157894737 0.03453947368421053
0 0.6134868421052632 0.30756578947368424 0.19572368421052633 0.03289473684210526
0 0.618421052631579 0.3314144736842105 0.19407894736842105 0.03125
0 0.6200657894736842 0.35526315789473684 0.19572368421052633 0.03289473684210526
0 0.6217105263157895 0.37911184210526316 0.18585526315789475 0.03125
0 0.6208881578947368 0.40213815789473684 0.1875 0.03289473684210526
0 0.6217105263157895 0.4251644736842105 0.1875 0.03125
0 0.6233552631578947 0.4498355263157895 0.19078947368421054 0.03618421052631579
0 0.625 0.47286184210526316 0.18914473684210525 0.03125
0 0.6274671052631579 0.49588815789473684 0.18914473684210525 0.03289473684210526
0 0.6282894736842105 0.5180921052631579 0.19572368421052633 0.029605263157894735
0 0.6332236842105263 0.5419407894736842 0.20065789473684212 0.03125
0 0.6324013157894737 0.5649671052631579 0.1875 0.03125
0 0.6332236842105263 0.5888157894736842 0.19078947368421054 0.03289473684210526
0 0.6356907894736842 0.6126644736842105 0.18585526315789475 0.03289473684210526
0 0.6389802631578947 0.6356907894736842 0.1924342105263158 0.03453947368421053
0 0.6430921052631579 0.6587171052631579 0.19572368421052633 0.03125
0 0.6455592105263158 0.6817434210526315 0.20065789473684212 0.03125
0 0.6439144736842105 0.7047697368421053 0.19407894736842105 0.03453947368421053
0 0.6447368421052632 0.7286184210526315 0.1875 0.03289473684210526
0 0.647203947368421 0.7508223684210527 0.18914473684210525 0.03125
0 0.6488486842105263 0.7763157894736842 0.1924342105263158 0.03125
0 0.8412828947368421 0.19736842105263158 0.18585526315789475 0.03289473684210526
0 0.8445723684210527 0.22203947368421054 0.18914473684210525 0.03125
0 0.8462171052631579 0.24588815789473684 0.18914473684210525 0.03125
0 0.8495065789473685 0.2689144736842105 0.1875 0.03289473684210526
0 0.8486842105263158 0.2911184210526316 0.1875 0.03289473684210526
0 0.850328947368421 0.3157894736842105 0.1875 0.03289473684210526
0 0.8536184210526315 0.3379934210526316 0.19078947368421054 0.029605263157894735
0 0.8552631578947368 0.36101973684210525 0.19078947368421054 0.03289473684210526
0 0.850328947368421 0.3848684210526316 0.1875 0.03125
0 0.8560855263157895 0.4095394736842105 0.1924342105263158 0.03453947368421053
0 0.8569078947368421 0.43338815789473684 0.1924342105263158 0.03289473684210526
0 0.8585526315789473 0.45476973684210525 0.18914473684210525 0.027960526315789474
0 0.859375 0.4777960526315789 0.1875 0.029605263157894735
0 0.859375 0.5041118421052632 0.1924342105263158 0.03453947368421053
0 0.8651315789473685 0.5254934210526315 0.19078947368421054 0.03453947368421053
0 0.865953947368421 0.5485197368421053 0.19078947368421054 0.03125
0 0.8675986842105263 0.5723684210526315 0.1875 0.03125
0 0.8717105263157895 0.5953947368421053 0.19078947368421054 0.03289473684210526
0 0.8725328947368421 0.6192434210526315 0.19407894736842105 0.03125
0 0.8741776315789473 0.6430921052631579 0.19572368421052633 0.03289473684210526
0 0.875 0.6661184210526315 0.18585526315789475 0.03125
0 0.8766447368421053 0.6899671052631579 0.18585526315789475 0.03125
0 0.8782894736842105 0.7129934210526315 0.1924342105263158 0.03453947368421053
0 0.8782894736842105 0.7368421052631579 0.18585526315789475 0.03125
0 0.881578947368421 0.7574013157894737 0.1875 0.03289473684210526