6 0.5024671052631579 0.20723684210526316 0.40625 0.2878289473684211
5 0.5131578947368421 0.13898026315789475 0.3618421052631579 0.0756578947368421
5 0.5115131578947368 0.16282894736842105 0.36348684210526316 0.07236842105263158
5 0.5074013157894737 0.18503289473684212 0.36348684210526316 0.07236842105263158
5 0.5049342105263158 0.20559210526315788 0.36348684210526316 0.07236842105263158
5 0.5016447368421053 0.22861842105263158 0.3618421052631579 0.07236842105263158
5 0.49835526315789475 0.25082236842105265 0.3618421052631579 0.07236842105263158
5 0.49506578947368424 0.2713815789473684 0.3618421052631579 0.07236842105263158
5 0.4925986842105263 0.2944078947368421 0.3651315789473684 0.07236842105263158
4 0.9942434210526315 0.10032894736842106 0.011513157894736841 0.019736842105263157
0 0.16611842105263158 0.3067434210526316 0.1875 0.047697368421052634
0 0.16447368421052633 0.3314144736842105 0.1924342105263158 0.049342105263157895
0 0.16036184210526316 0.3560855263157895 0.18914473684210525 0.047697368421052634
0 0.15707236842105263 0.37993421052631576 0.1875 0.049342105263157895
0 0.15296052631578946 0.4037828947368421 0.18914473684210525 0.047697368421052634
0 0.14967105263157895 0.4276315789473684 0.18914473684210525 0.047697368421052634
0 0.14802631578947367 0.453125 0.19078947368421054 0.046052631578947366
0 0.14226973684210525 0.4777960526315789 0.18421052631578946 0.04276315789473684
0 0.13815789473684212 0.5016447368421053 0.18585526315789475 0.046052631578947366
0 0.13486842105263158 0.5254934210526315 0.1875 0.044407894736842105
0 0.13157894736842105 0.5493421052631579 0.18421052631578946 0.044407894736842105
0 0.12746710526315788 0.5731907894736842 0.1875 0.044407894736842105
0 0.12335526315789473 0.5970394736842105 0.19078947368421054 0.044407894736842105
0 0.1225328947368421 0.6225328947368421 0.19572368421052633 0.044407894736842105
0 0.11513157894736842 0.6463815789473685 0.1875 0.044407894736842105
0 0.11430921052631579 0.6702302631578947 0.1875 0.04111842105263158
0 0.109375 0.694078947368421 0.18421052631578946 0.04276315789473684
0 0.1069078947368421 0.7179276315789473 0.1875 0.044407894736842105
0 0.10361842105263158 0.7425986842105263 0.19078947368421054 0.044407894736842105
0 0.10032894736842106 0.765625 0.19407894736842105 0.047697368421052634
0 0.09786184210526316 0.790296052631579 0.19572368421052633 0.044407894736842105
0 0.09703947368421052 0.8141447368421053 0.19407894736842105 0.046052631578947366
0 0.09375 0.8396381578947368 0.1875 0.044407894736842105
0 0.09375 0.8610197368421053 0.1875 0.047697368421052634
0 0.09046052631578948 0.8865131578947368 0.18092105263157895 0.046052631578947366
0 0.3939144736842105 0.3363486842105263 0.1924342105263158 0.05098684210526316
0 0.38651315789473684 0.36430921052631576 0.19407894736842105 0.046052631578947366
0 0.3832236842105263 0.38898026315789475 0.19736842105263158 0.046052631578947366
0 0.3782894736842105 0.41118421052631576 0.19736842105263158 0.047697368421052634
0 0.375 0.43667763157894735 0.1924342105263158 0.044407894736842105
0 0.37417763157894735 0.4605263157894737 0.19901315789473684 0.047697368421052634
0 0.37006578947368424 0.48519736842105265 0.19901315789473684 0.046052631578947366
0 0.3667763157894737 0.5082236842105263 0.19736842105263158 0.047697368421052634
0 0.36348684210526316 0.5345394736842105 0.19901315789473684 0.046052631578947366
0 0.3618421052631579 0.5583881578947368 0.19901315789473684 0.044407894736842105
0 0.3569078947368421 0.5822368421052632 0.19572368421052633 0.046052631578947366
0 0.3536184210526316 0.6044407894736842 0.20230263157894737 0.047697368421052634
0 0.3495065789473684 0.6299342105263158 0.20394736842105263 0.049342105263157895
0 0.34539473684210525 0.6546052631578947 0.20888157894736842 0.047697368421052634
0 0.34375 0.678453947368421 0.20888157894736842 0.046052631578947366
0 0.3412828947368421 0.7023026315789473 0.20559210526315788 0.046052631578947366
0 0.3355263157894737 0.725328947368421 0.20559210526315788 0.047697368421052634
0 0.3347039473684211 0.7508223684210527 0.20723684210526316 0.047697368421052634
0 0.3305921052631579 0.7754934210526315 0.20888157894736842 0.047697368421052634
0 0.3248355263157895 0.7985197368421053 0.20065789473684212 0.046052631578947366
0 0.3223684210526316 0.821546052631579 0.20065789473684212 0.049342105263157895
0 0.3207236842105263 0.8478618421052632 0.20065789473684212 0.046052631578947366
0 0.3182565789473684 0.8708881578947368 0.20394736842105263 0.046052631578947366
0 0.31332236842105265 0.8955592105263158 0.20230263157894737 0.046052631578947366
0 0.3100328947368421 0.9202302631578947 0.20394736842105263 0.047697368421052634
0 0.618421052631579 0.37335526315789475 0.19407894736842105 0.047697368421052634
0 0.6167763157894737 0.3963815789473684 0.19407894736842105 0.044407894736842105
0 0.6143092105263158 0.42023026315789475 0.20065789473684212 0.049342105263157895
0 0.6101973684210527 0.4449013157894737 0.19736842105263158 0.044407894736842105
0 0.6069078947368421 0.46792763157894735 0.19572368421052633 0.046052631578947366
0 0.6036184210526315 0.4909539473684211 0.19407894736842105 0.047697368421052634
0 0.6011513157894737 0.5164473684210527 0.19736842105263158 0.046052631578947366
0 0.5970394736842105 0.540296052631579 0.19572368421052633 0.046052631578947366
0 0.5945723684210527 0.5649671052631579 0.19736842105263158 0.046052631578947366
0 0.5912828947368421 0.5896381578947368 0.19901315789473684 0.044407894736842105
0 0.5879934210526315 0.6126644736842105 0.20065789473684212 0.046052631578947366
0 0.5855263157894737 0.6365131578947368 0.19901315789473684 0.047697368421052634
0 0.5814144736842105 0.6620065789473685 0.19407894736842105 0.046052631578947366
0 0.578125 0.6842105263157895 0.19736842105263158 0.046052631578947366
0 0.5748355263157895 0.7088815789473685 0.19572368421052633 0.046052631578947366
0 0.571546052631579 0.7335526315789473 0.19407894736842105 0.049342105263157895
0 0.5699013157894737 0.7582236842105263 0.19572368421052633 0.044407894736842105
0 0.5625 0.7820723684210527 0.1875 0.044407894736842105
0 0.5600328947368421 0.8050986842105263 0.19078947368421054 0.046052631578947366
0 0.5600328947368421 0.8297697368421053 0.19901315789473684 0.046052631578947366
0 0.5575657894736842 0.8544407894736842 0.19572368421052633 0.047697368421052634
0 0.553453947368421 0.8782894736842105 0.20065789473684212 0.046052631578947366
0 0.5493421052631579 0.9021381578947368 0.19901315789473684 0.046052631578947366
0 0.546875 0.9268092105263158 0.19901315789473684 0.046052631578947366
0 0.5386513157894737 0.9498355263157895 0.1924342105263158 0.046052631578947366
0 0.8495065789473685 0.4037828947368421 0.19407894736842105 0.046052631578947366
0 0.8445723684210527 0.4276315789473684 0.19407894736842105 0.046052631578947366
0 0.8429276315789473 0.45230263157894735 0.19407894736842105 0.044407894736842105
0 0.8355263157894737 0.4761513157894737 0.18914473684210525 0.046052631578947366
0 0.8338815789473685 0.5 0.19407894736842105 0.046052631578947366
0 0.8314144736842105 0.5238486842105263 0.1924342105263158 0.046052631578947366
0 0.828125 0.5476973684210527 0.19407894736842105 0.049342105263157895
0 0.8273026315789473 0.5731907894736842 0.19736842105263158 0.046052631578947366
0 0.8207236842105263 0.5962171052631579 0.1924342105263158 0.044407894736842105
0 0.819078947368421 0.6192434210526315 0.1924342105263158 0.05098684210526316
0 0.8125 0.6455592105263158 0.1924342105263158 0.047697368421052634
0 0.8149671052631579 0.6694078947368421 0.19901315789473684 0.044407894736842105
0 0.8108552631578947 0.6924342105263158 0.19736842105263158 0.046052631578947366
0 0.8083881578947368 0.7179276315789473 0.19572368421052633 0.046052631578947366
0 0.803453947368421 0.7425986842105263 0.19572368421052633 0.046052631578947366
0 0.8026315789473685 0.765625 0.19572368421052633 0.046052631578947366
0 0.7985197368421053 0.7911184210526315 0.19736842105263158 0.046052631578947366
0 0.796875 0.8149671052631579 0.20559210526315788 0.049342105263157895
0 0.7919407894736842 0.8388157894736842 0.19736842105263158 0.046052631578947366
0 0.7861842105263158 0.8618421052631579 0.19736842105263158 0.046052631578947366
0 0.7820723684210527 0.8865131578947368 0.19078947368421054 0.046052631578947366
0 0.7779605263157895 0.9103618421052632 0.1924342105263158 0.044407894736842105
0 0.7779605263157895 0.9342105263157895 0.19572368421052633 0.044407894736842105
0 0.7754934210526315 0.9588815789473685 0.19407894736842105 0.046052631578947366
0 0.7738486842105263 0.9794407894736842 0.20230263157894737 0.04111842105263158