6 0.42598684210526316 0.21628289473684212 0.4029605263157895 0.28125
5 0.4194078947368421 0.14802631578947367 0.36348684210526316 0.06907894736842106
5 0.4243421052631579 0.17105263157894737 0.36348684210526316 0.06578947368421052
5 0.42598684210526316 0.19325657894736842 0.36348684210526316 0.06578947368421052
5 0.4284539473684211 0.21463815789473684 0.36348684210526316 0.06578947368421052
5 0.4309210526315789 0.23766447368421054 0.3618421052631579 0.06578947368421052
5 0.4342105263157895 0.2598684210526316 0.36348684210526316 0.06578947368421052
5 0.43585526315789475 0.28125 0.3618421052631579 0.06743421052631579
5 0.43914473684210525 0.3034539473684211 0.3651315789473684 0.06578947368421052
0 0.12746710526315788 0.3996710526315789 0.1875 0.044407894736842105
0 0.13157894736842105 0.4243421052631579 0.1924342105263158 0.046052631578947366
0 0.13486842105263158 0.44901315789473684 0.18914473684210525 0.044407894736842105
0 0.13815789473684212 0.4720394736842105 0.1875 0.046052631578947366
0 0.13980263157894737 0.4967105263157895 0.18914473684210525 0.044407894736842105
0 0.14309210526315788 0.5205592105263158 0.18914473684210525 0.044407894736842105
0 0.14802631578947367 0.5460526315789473 0.1924342105263158 0.04276315789473684
0 0.14884868421052633 0.571546052631579 0.18421052631578946 0.04111842105263158
0 0.1513157894736842 0.5953947368421053 0.18585526315789475 0.044407894736842105
0 0.15378289473684212 0.618421052631579 0.1875 0.04111842105263158
0 0.15707236842105263 0.6430921052631579 0.18421052631578946 0.04111842105263158
0 0.15953947368421054 0.6669407894736842 0.1875 0.04111842105263158
0 0.1611842105263158 0.6916118421052632 0.19078947368421054 0.04111842105263158
0 0.1669407894736842 0.7154605263157895 0.19572368421052633 0.04111842105263158
0 0.16611842105263158 0.740953947368421 0.1875 0.04111842105263158
0 0.17105263157894737 0.7639802631578947 0.1875 0.03782894736842105
0 0.17269736842105263 0.7886513157894737 0.18585526315789475 0.04111842105263158
0 0.1768092105263158 0.8125 0.1875 0.04111842105263158
0 0.18009868421052633 0.8363486842105263 0.19078947368421054 0.04111842105263158
0 0.1825657894736842 0.859375 0.19407894736842105 0.044407894736842105
0 0.18585526315789475 0.8848684210526315 0.19736842105263158 0.04111842105263158
0 0.19078947368421054 0.9087171052631579 0.19736842105263158 0.04276315789473684
0 0.1924342105263158 0.9333881578947368 0.19407894736842105 0.04111842105263158
0 0.19736842105263158 0.9555921052631579 0.19572368421052633 0.044407894736842105
0 0.19901315789473684 0.9802631578947368 0.19407894736842105 0.039473684210526314
0 0.35526315789473684 0.3692434210526316 0.1924342105263158 0.047697368421052634
0 0.35526315789473684 0.3988486842105263 0.19572368421052633 0.04276315789473684
0 0.35855263157894735 0.42269736842105265 0.19901315789473684 0.04276315789473684
0 0.359375 0.4457236842105263 0.19736842105263158 0.04276315789473684
0 0.3626644736842105 0.4712171052631579 0.1924342105263158 0.04111842105263158
0 0.3684210526315789 0.4942434210526316 0.19901315789473684 0.044407894736842105
0 0.37088815789473684 0.5189144736842105 0.19901315789473684 0.04276315789473684
0 0.37335526315789475 0.5419407894736842 0.19736842105263158 0.044407894736842105
0 0.3774671052631579 0.569078947368421 0.19901315789473684 0.04276315789473684
0 0.3824013157894737 0.5921052631578947 0.19901315789473684 0.04111842105263158
0 0.3832236842105263 0.615953947368421 0.19736842105263158 0.04276315789473684
0 0.38569078947368424 0.6389802631578947 0.20230263157894737 0.044407894736842105
0 0.3881578947368421 0.6644736842105263 0.20394736842105263 0.046052631578947366
0 0.390625 0.6891447368421053 0.20888157894736842 0.044407894736842105
0 0.39555921052631576 0.712171052631579 0.20888157894736842 0.04276315789473684
0 0.3988486842105263 0.7360197368421053 0.20559210526315788 0.04276315789473684
0 0.3996710526315789 0.7598684210526315 0.20559210526315788 0.044407894736842105
0 0.40460526315789475 0.7853618421052632 0.20723684210526316 0.044407894736842105
0 0.40789473684210525 0.8092105263157895 0.20888157894736842 0.044407894736842105
0 0.4087171052631579 0.8338815789473685 0.20065789473684212 0.04276315789473684
0 0.41118421052631576 0.8560855263157895 0.20065789473684212 0.046052631578947366
0 0.41694078947368424 0.8824013157894737 0.20065789473684212 0.04276315789473684
0 0.42023026315789475 0.9046052631578947 0.20394736842105263 0.04111842105263158
0 0.421875 0.9300986842105263 0.20230263157894737 0.04111842105263158
0 0.4251644736842105 0.9547697368421053 0.20394736842105263 0.044407894736842105
0 0.5814144736842105 0.3470394736842105 0.19407894736842105 0.044407894736842105
0 0.5855263157894737 0.3692434210526316 0.19407894736842105 0.04111842105263158
0 0.5896381578947368 0.3939144736842105 0.20065789473684212 0.046052631578947366
0 0.5921052631578947 0.4185855263157895 0.19736842105263158 0.039473684210526314
0 0.5945723684210527 0.4407894736842105 0.19736842105263158 0.04276315789473684
0 0.5978618421052632 0.46463815789473684 0.19407894736842105 0.044407894736842105
0 0.6019736842105263 0.4901315789473684 0.19901315789473684 0.04276315789473684
0 0.6044407894736842 0.5139802631578947 0.19736842105263158 0.04276315789473684
0 0.6085526315789473 0.537828947368421 0.19736842105263158 0.04276315789473684
0 0.6110197368421053 0.5633223684210527 0.19901315789473684 0.04111842105263158
0 0.6143092105263158 0.5863486842105263 0.20065789473684212 0.04276315789473684
0 0.6175986842105263 0.6101973684210527 0.20065789473684212 0.044407894736842105
0 0.6200657894736842 0.6348684210526315 0.19572368421052633 0.04276315789473684
0 0.6233552631578947 0.6578947368421053 0.19736842105263158 0.04111842105263158
0 0.6258223684210527 0.6825657894736842 0.19736842105263158 0.04276315789473684
0 0.6299342105263158 0.7072368421052632 0.19407894736842105 0.046052631578947366
0 0.634046052631579 0.7310855263157895 0.19572368421052633 0.04111842105263158
0 0.6332236842105263 0.756578947368421 0.1875 0.04111842105263158
0 0.6373355263157895 0.7787828947368421 0.1924342105263158 0.04276315789473684
0 0.6430921052631579 0.803453947368421 0.19901315789473684 0.04276315789473684
0 0.647203947368421 0.8273026315789473 0.19572368421052633 0.044407894736842105
0 0.649671052631579 0.8519736842105263 0.20065789473684212 0.04276315789473684
0 0.6513157894736842 0.8758223684210527 0.19901315789473684 0.04276315789473684
0 0.65625 0.9004934210526315 0.19901315789473684 0.04276315789473684
0 0.6537828947368421 0.9243421052631579 0.1924342105263158 0.04276315789473684
0 0.8133223684210527 0.31661184210526316 0.19572368421052633 0.04276315789473684
0 0.8141447368421053 0.3412828947368421 0.19407894736842105 0.04276315789473684
0 0.819078947368421 0.3659539473684211 0.19407894736842105 0.04111842105263158
0 0.8182565789473685 0.390625 0.18914473684210525 0.04276315789473684
0 0.8223684210526315 0.4136513157894737 0.19407894736842105 0.04276315789473684
0 0.8264802631578947 0.4375 0.1924342105263158 0.04276315789473684
0 0.8289473684210527 0.4613486842105263 0.19407894736842105 0.046052631578947366
0 0.8355263157894737 0.48601973684210525 0.19736842105263158 0.04276315789473684
0 0.8355263157894737 0.5098684210526315 0.1924342105263158 0.04111842105263158
0 0.8388157894736842 0.5328947368421053 0.1924342105263158 0.047697368421052634
0 0.8396381578947368 0.5592105263157895 0.1924342105263158 0.044407894736842105
0 0.8478618421052632 0.5822368421052632 0.19901315789473684 0.04111842105263158
0 0.850328947368421 0.6052631578947368 0.19736842105263158 0.04276315789473684
0 0.8544407894736842 0.6307565789473685 0.19572368421052633 0.04276315789473684
0 0.8552631578947368 0.65625 0.19572368421052633 0.04276315789473684
0 0.8610197368421053 0.678453947368421 0.19736842105263158 0.04276315789473684
0 0.8643092105263158 0.7039473684210527 0.19736842105263158 0.04276315789473684
0 0.868421052631579 0.7269736842105263 0.20559210526315788 0.046052631578947366
0 0.8700657894736842 0.7516447368421053 0.19736842105263158 0.04276315789473684
0 0.8700657894736842 0.7754934210526315 0.19901315789473684 0.04276315789473684
0 0.8725328947368421 0.8009868421052632 0.1924342105263158 0.04276315789473684
0 0.8741776315789473 0.8240131578947368 0.1924342105263158 0.04111842105263158
0 0.8807565789473685 0.8478618421052632 0.19572368421052633 0.04111842105263158
0 0.8848684210526315 0.8717105263157895 0.19407894736842105 0.04276315789473684
0 0.8898026315789473 0.8955592105263158 0.20394736842105263 0.044407894736842105