6 0.4613486842105263 0.20970394736842105 0.3774671052631579 0.23766447368421054
5 0.4629934210526316 0.140625 0.3626644736842105 0.024671052631578948
5 0.46463815789473684 0.16447368421052633 0.36348684210526316 0.02138157894736842
5 0.46381578947368424 0.18667763157894737 0.36430921052631576 0.02138157894736842
5 0.46381578947368424 0.2080592105263158 0.36348684210526316 0.022203947368421052
5 0.46381578947368424 0.23108552631578946 0.3626644736842105 0.02138157894736842
5 0.46381578947368424 0.2532894736842105 0.3626644736842105 0.022203947368421052
5 0.4629934210526316 0.2746710526315789 0.3618421052631579 0.023026315789473683
5 0.46381578947368424 0.29769736842105265 0.3651315789473684 0.022203947368421052
4 0.9399671052631579 0.03289473684210526 0.018914473684210526 0.018092105263157895
0 0.14226973684210525 0.35526315789473684 0.18667763157894737 0.022203947368421052
0 0.14391447368421054 0.37993421052631576 0.19161184210526316 0.023026315789473683
0 0.14391447368421054 0.40460526315789475 0.18832236842105263 0.02138157894736842
0 0.14391447368421054 0.4284539473684211 0.18667763157894737 0.023026315789473683
0 0.14309210526315788 0.453125 0.1875 0.02138157894736842
0 0.14309210526315788 0.4769736842105263 0.1875 0.02138157894736842
0 0.14473684210526316 0.5024671052631579 0.19078947368421054 0.018914473684210526
0 0.14309210526315788 0.5279605263157895 0.18338815789473684 0.018092105263157895
0 0.14226973684210525 0.5518092105263158 0.18421052631578946 0.02138157894736842
0 0.14226973684210525 0.5756578947368421 0.18585526315789475 0.018914473684210526
0 0.14226973684210525 0.600328947368421 0.1825657894736842 0.019736842105263157
0 0.14144736842105263 0.6241776315789473 0.18585526315789475 0.018914473684210526
0 0.140625 0.6488486842105263 0.18996710526315788 0.018092105263157895
0 0.14309210526315788 0.6735197368421053 0.19490131578947367 0.017269736842105265
0 0.13898026315789475 0.6981907894736842 0.18585526315789475 0.018914473684210526
0 0.14144736842105263 0.7220394736842105 0.18667763157894737 0.015625
0 0.13980263157894737 0.7467105263157895 0.18421052631578946 0.018092105263157895
0 0.14144736842105263 0.7705592105263158 0.18667763157894737 0.018092105263157895
0 0.14144736842105263 0.7952302631578947 0.18996710526315788 0.018914473684210526
0 0.14144736842105263 0.8182565789473685 0.1924342105263158 0.02055921052631579
0 0.14144736842105263 0.84375 0.19736842105263158 0.017269736842105265
0 0.14309210526315788 0.8675986842105263 0.19654605263157895 0.018914473684210526
0 0.14226973684210525 0.8930921052631579 0.19325657894736842 0.017269736842105265
0 0.14391447368421054 0.915296052631579 0.19490131578947367 0.02055921052631579
0 0.14309210526315788 0.9416118421052632 0.1924342105263158 0.019736842105263157
0 0.3725328947368421 0.3527960526315789 0.19078947368421054 0.024671052631578948
0 0.3684210526315789 0.3815789473684211 0.19407894736842105 0.018914473684210526
0 0.3692434210526316 0.40625 0.19736842105263158 0.018914473684210526
0 0.3667763157894737 0.4292763157894737 0.19654605263157895 0.019736842105263157
0 0.3675986842105263 0.45476973684210525 0.1924342105263158 0.017269736842105265
0 0.37006578947368424 0.4786184210526316 0.1981907894736842 0.02055921052631579
0 0.3692434210526316 0.5032894736842105 0.19901315789473684 0.018914473684210526
0 0.3692434210526316 0.5263157894736842 0.19572368421052633 0.02138157894736842
0 0.37006578947368424 0.553453947368421 0.1981907894736842 0.018092105263157895
0 0.3717105263157895 0.5773026315789473 0.19901315789473684 0.017269736842105265
0 0.37006578947368424 0.6011513157894737 0.19572368421052633 0.018914473684210526
0 0.3692434210526316 0.6241776315789473 0.20148026315789475 0.019736842105263157
0 0.3692434210526316 0.649671052631579 0.20230263157894737 0.02138157894736842
0 0.3684210526315789 0.6743421052631579 0.2080592105263158 0.019736842105263157
0 0.37006578947368424 0.6981907894736842 0.2080592105263158 0.017269736842105265
0 0.37088815789473684 0.7220394736842105 0.20476973684210525 0.018092105263157895
0 0.3684210526315789 0.7458881578947368 0.20476973684210525 0.018914473684210526
0 0.37088815789473684 0.7713815789473685 0.20723684210526316 0.018914473684210526
0 0.37088815789473684 0.7960526315789473 0.2080592105263158 0.019736842105263157
0 0.3684210526315789 0.8199013157894737 0.20065789473684212 0.018914473684210526
0 0.3684210526315789 0.8429276315789473 0.19983552631578946 0.022203947368421052
0 0.37088815789473684 0.8692434210526315 0.20065789473684212 0.018914473684210526
0 0.3717105263157895 0.8922697368421053 0.203125 0.017269736842105265
0 0.37006578947368424 0.9177631578947368 0.20230263157894737 0.017269736842105265
0 0.37006578947368424 0.9424342105263158 0.203125 0.019736842105263157
0 0.5995065789473685 0.35773026315789475 0.1924342105263158 0.02055921052631579
0 0.6011513157894737 0.3807565789473684 0.19325657894736842 0.018092105263157895
0 0.6019736842105263 0.40542763157894735 0.19901315789473684 0.02138157894736842
0 0.6011513157894737 0.4300986842105263 0.19654605263157895 0.01644736842105263
0 0.6011513157894737 0.453125 0.19572368421052633 0.018914473684210526
0 0.6011513157894737 0.4769736842105263 0.19325657894736842 0.02138157894736842
0 0.602796052631579 0.5024671052631579 0.19736842105263158 0.018914473684210526
0 0.6019736842105263 0.5263157894736842 0.19572368421052633 0.018914473684210526
0 0.602796052631579 0.5509868421052632 0.19572368421052633 0.019736842105263157
0 0.602796052631579 0.5764802631578947 0.19901315789473684 0.017269736842105265
0 0.602796052631579 0.5995065789473685 0.19983552631578946 0.018914473684210526
0 0.6036184210526315 0.6233552631578947 0.19901315789473684 0.019736842105263157
0 0.602796052631579 0.6488486842105263 0.19407894736842105 0.018914473684210526
0 0.602796052631579 0.671875 0.19654605263157895 0.018092105263157895
0 0.602796052631579 0.696546052631579 0.19572368421052633 0.018914473684210526
0 0.6036184210526315 0.7212171052631579 0.1924342105263158 0.023026315789473683
0 0.6052631578947368 0.7458881578947368 0.19572368421052633 0.017269736842105265
0 0.6011513157894737 0.7705592105263158 0.1875 0.018092105263157895
0 0.6019736842105263 0.7935855263157895 0.19078947368421054 0.018914473684210526
0 0.6052631578947368 0.8182565789473685 0.1981907894736842 0.018914473684210526
0 0.6060855263157895 0.8429276315789473 0.19407894736842105 0.02138157894736842
0 0.6052631578947368 0.8675986842105263 0.20065789473684212 0.018092105263157895
0 0.6044407894736842 0.8914473684210527 0.19901315789473684 0.018914473684210526
0 0.6060855263157895 0.9161184210526315 0.1981907894736842 0.018914473684210526
0 0.6011513157894737 0.9399671052631579 0.19161184210526316 0.018914473684210526
0 0.8330592105263158 0.3560855263157895 0.19407894736842105 0.018914473684210526
0 0.8314144736842105 0.3807565789473684 0.19325657894736842 0.019736842105263157
0 0.8330592105263158 0.40542763157894735 0.19325657894736842 0.017269736842105265
0 0.8289473684210527 0.4300986842105263 0.18832236842105263 0.02055921052631579
0 0.8305921052631579 0.45394736842105265 0.19325657894736842 0.018914473684210526
0 0.8314144736842105 0.4777960526315789 0.19161184210526316 0.018914473684210526
0 0.8314144736842105 0.5016447368421053 0.1924342105263158 0.023026315789473683
0 0.834703947368421 0.5271381578947368 0.19736842105263158 0.018092105263157895
0 0.8314144736842105 0.5509868421052632 0.1924342105263158 0.018092105263157895
0 0.8322368421052632 0.5740131578947368 0.19078947368421054 0.023848684210526317
0 0.8297697368421053 0.600328947368421 0.19161184210526316 0.02138157894736842
0 0.8355263157894737 0.6241776315789473 0.1981907894736842 0.01644736842105263
0 0.834703947368421 0.647203947368421 0.19654605263157895 0.018914473684210526
0 0.8355263157894737 0.6726973684210527 0.19490131578947367 0.019736842105263157
0 0.8338815789473685 0.6981907894736842 0.19490131578947367 0.018914473684210526
0 0.8363486842105263 0.7212171052631579 0.19572368421052633 0.018914473684210526
0 0.8363486842105263 0.7467105263157895 0.19654605263157895 0.018914473684210526
0 0.8379934210526315 0.7705592105263158 0.20394736842105263 0.02055921052631579
0 0.8363486842105263 0.7952302631578947 0.19654605263157895 0.018914473684210526
0 0.8338815789473685 0.8182565789473685 0.19736842105263158 0.018914473684210526
0 0.8330592105263158 0.84375 0.19078947368421054 0.018914473684210526
0 0.8322368421052632 0.8675986842105263 0.19161184210526316 0.018092105263157895
0 0.8355263157894737 0.8914473684210527 0.19490131578947367 0.018092105263157895
0 0.8363486842105263 0.9161184210526315 0.1924342105263158 0.019736842105263157
0 0.8388157894736842 0.9399671052631579 0.20230263157894737 0.019736842105263157