6 0.522203947368421 0.2080592105263158 0.4194078947368421 0.31085526315789475
5 0.5386513157894737 0.140625 0.36019736842105265 0.10032894736842106
5 0.5353618421052632 0.16447368421052633 0.36019736842105265 0.09703947368421052
5 0.5296052631578947 0.18585526315789475 0.36019736842105265 0.09703947368421052
5 0.5254934210526315 0.20723684210526316 0.36019736842105265 0.09703947368421052
5 0.5205592105263158 0.2294407894736842 0.35855263157894735 0.09703947368421052
5 0.515625 0.25082236842105265 0.35855263157894735 0.09703947368421052
5 0.5106907894736842 0.2722039473684211 0.35855263157894735 0.09703947368421052
5 0.506578947368421 0.2944078947368421 0.3618421052631579 0.09703947368421052
0 0.18009868421052633 0.2837171052631579 0.1875 0.06085526315789474
0 0.1768092105263158 0.30838815789473684 0.1924342105263158 0.0625
0 0.171875 0.33305921052631576 0.18914473684210525 0.06085526315789474
0 0.1669407894736842 0.3560855263157895 0.1875 0.06085526315789474
0 0.16036184210526316 0.37993421052631576 0.1875 0.05921052631578947
0 0.15542763157894737 0.4029605263157895 0.1875 0.05921052631578947
0 0.15213815789473684 0.4284539473684211 0.19078947368421054 0.05756578947368421
0 0.14473684210526316 0.453125 0.1825657894736842 0.05592105263157895
0 0.13898026315789475 0.4761513157894737 0.18421052631578946 0.05921052631578947
0 0.13404605263157895 0.5 0.18585526315789475 0.05756578947368421
0 0.12911184210526316 0.5238486842105263 0.1825657894736842 0.05756578947368421
0 0.12335526315789473 0.546875 0.18585526315789475 0.05756578947368421
0 0.11759868421052631 0.5707236842105263 0.18914473684210525 0.05756578947368421
0 0.11513157894736842 0.5953947368421053 0.19407894736842105 0.05756578947368421
0 0.10526315789473684 0.618421052631579 0.18585526315789475 0.05756578947368421
0 0.10279605263157894 0.6422697368421053 0.18585526315789475 0.054276315789473686
0 0.0962171052631579 0.6661184210526315 0.18421052631578946 0.05592105263157895
0 0.09292763157894737 0.6899671052631579 0.18585526315789475 0.05592105263157895
0 0.0912828947368421 0.7146381578947368 0.1825657894736842 0.05756578947368421
0 0.08963815789473684 0.7360197368421053 0.17927631578947367 0.06085526315789474
0 0.08799342105263158 0.7606907894736842 0.17598684210526316 0.05756578947368421
0 0.08634868421052631 0.7845394736842105 0.17269736842105263 0.05921052631578947
0 0.08223684210526316 0.8100328947368421 0.16447368421052633 0.05756578947368421
0 0.08141447368421052 0.8314144736842105 0.16282894736842105 0.06085526315789474
0 0.07730263157894737 0.8569078947368421 0.15460526315789475 0.05921052631578947
0 0.40625 0.32976973684210525 0.1924342105263158 0.06414473684210527
0 0.39555921052631576 0.3569078947368421 0.19407894736842105 0.05921052631578947
0 0.39144736842105265 0.3807565789473684 0.19736842105263158 0.05921052631578947
0 0.3840460526315789 0.4029605263157895 0.19572368421052633 0.06085526315789474
0 0.37993421052631576 0.4284539473684211 0.1924342105263158 0.05756578947368421
0 0.3774671052631579 0.45230263157894735 0.19736842105263158 0.06085526315789474
0 0.3717105263157895 0.4761513157894737 0.19901315789473684 0.05921052631578947
0 0.3667763157894737 0.49835526315789475 0.19572368421052633 0.06085526315789474
0 0.3618421052631579 0.5254934210526315 0.19736842105263158 0.05921052631578947
0 0.35855263157894735 0.5493421052631579 0.19901315789473684 0.05756578947368421
0 0.3519736842105263 0.571546052631579 0.19572368421052633 0.05921052631578947
0 0.3462171052631579 0.5945723684210527 0.20065789473684212 0.06085526315789474
0 0.3412828947368421 0.6192434210526315 0.20230263157894737 0.0625
0 0.3347039473684211 0.6430921052631579 0.20723684210526316 0.0625
0 0.3314144736842105 0.6669407894736842 0.20723684210526316 0.06085526315789474
0 0.32730263157894735 0.6899671052631579 0.20394736842105263 0.06085526315789474
0 0.3199013157894737 0.7129934210526315 0.20394736842105263 0.06085526315789474
0 0.31743421052631576 0.7384868421052632 0.20723684210526316 0.06085526315789474
0 0.3125 0.7623355263157895 0.20723684210526316 0.0625
0 0.3050986842105263 0.7853618421052632 0.20065789473684212 0.06085526315789474
0 0.3001644736842105 0.8083881578947368 0.20065789473684212 0.0625
0 0.296875 0.834703947368421 0.20065789473684212 0.06085526315789474
0 0.29276315789473684 0.8569078947368421 0.20230263157894737 0.05921052631578947
0 0.28618421052631576 0.881578947368421 0.20065789473684212 0.05921052631578947
0 0.28125 0.9054276315789473 0.20230263157894737 0.06085526315789474
0 0.6266447368421053 0.3815789473684211 0.1924342105263158 0.06085526315789474
0 0.6233552631578947 0.40460526315789475 0.1924342105263158 0.05756578947368421
0 0.6192434210526315 0.4284539473684211 0.19901315789473684 0.0625
0 0.6134868421052632 0.45230263157894735 0.19572368421052633 0.05756578947368421
0 0.6085526315789473 0.4753289473684211 0.19572368421052633 0.05921052631578947
0 0.6036184210526315 0.49835526315789475 0.19407894736842105 0.06085526315789474
0 0.600328947368421 0.5238486842105263 0.19736842105263158 0.05921052631578947
0 0.5945723684210527 0.546875 0.19572368421052633 0.05921052631578947
0 0.5896381578947368 0.571546052631579 0.19572368421052633 0.05921052631578947
0 0.584703947368421 0.5962171052631579 0.19901315789473684 0.05756578947368421
0 0.5797697368421053 0.618421052631579 0.19901315789473684 0.06085526315789474
0 0.5756578947368421 0.6422697368421053 0.19901315789473684 0.06085526315789474
0 0.5699013157894737 0.6669407894736842 0.19407894736842105 0.05921052631578947
0 0.5649671052631579 0.6891447368421053 0.19572368421052633 0.05921052631578947
0 0.5600328947368421 0.7138157894736842 0.19572368421052633 0.05921052631578947
0 0.5550986842105263 0.7376644736842105 0.1924342105263158 0.0625
0 0.5518092105263158 0.7623355263157895 0.19572368421052633 0.05756578947368421
0 0.5427631578947368 0.7853618421052632 0.1875 0.05592105263157895
0 0.5386513157894737 0.8083881578947368 0.19078947368421054 0.05756578947368421
0 0.5370065789473685 0.8330592105263158 0.19736842105263158 0.05921052631578947
0 0.5320723684210527 0.8577302631578947 0.19407894736842105 0.06085526315789474
0 0.5263157894736842 0.881578947368421 0.20065789473684212 0.05921052631578947
0 0.5205592105263158 0.9046052631578947 0.19901315789473684 0.05921052631578947
0 0.5172697368421053 0.9292763157894737 0.19736842105263158 0.05921052631578947
0 0.5074013157894737 0.9514802631578947 0.19078947368421054 0.05756578947368421
0 0.8560855263157895 0.4284539473684211 0.19407894736842105 0.05921052631578947
0 0.8486842105263158 0.45230263157894735 0.1924342105263158 0.05921052631578947
0 0.8453947368421053 0.4769736842105263 0.1924342105263158 0.05756578947368421
0 0.8363486842105263 0.5 0.18914473684210525 0.05921052631578947
0 0.8330592105263158 0.5238486842105263 0.1924342105263158 0.05921052631578947
0 0.8289473684210527 0.546875 0.19078947368421054 0.05756578947368421
0 0.8240131578947368 0.5707236842105263 0.1924342105263158 0.0625
0 0.821546052631579 0.5962171052631579 0.19736842105263158 0.05921052631578947
0 0.8133223684210527 0.618421052631579 0.1924342105263158 0.05756578947368421
0 0.8092105263157895 0.6414473684210527 0.19078947368421054 0.0625
0 0.8018092105263158 0.6669407894736842 0.1924342105263158 0.06085526315789474
0 0.8026315789473685 0.6916118421052632 0.19736842105263158 0.05756578947368421
0 0.796875 0.7138157894736842 0.19572368421052633 0.05921052631578947
0 0.7919407894736842 0.7384868421052632 0.19407894736842105 0.05921052631578947
0 0.7853618421052632 0.7631578947368421 0.19407894736842105 0.05921052631578947
0 0.7828947368421053 0.7861842105263158 0.19572368421052633 0.05921052631578947
0 0.7779605263157895 0.8108552631578947 0.19572368421052633 0.05921052631578947
0 0.774671052631579 0.834703947368421 0.20394736842105263 0.0625
0 0.7672697368421053 0.8585526315789473 0.19572368421052633 0.05921052631578947
0 0.7606907894736842 0.8807565789473685 0.19736842105263158 0.05921052631578947
0 0.7541118421052632 0.9054276315789473 0.19078947368421054 0.05756578947368421
0 0.7483552631578947 0.928453947368421 0.19078947368421054 0.05756578947368421
0 0.7467105263157895 0.9523026315789473 0.19407894736842105 0.05756578947368421
0 0.7425986842105263 0.9736842105263158 0.1924342105263158 0.05263157894736842
0 0.7393092105263158 0.9851973684210527 0.20230263157894737 0.029605263157894735