6 0.43585526315789475 0.18914473684210525 0.4029605263157895 0.2878289473684211
5 0.42680921052631576 0.1455592105263158 0.34210526315789475 0.06907894736842106
5 0.4317434210526316 0.16858552631578946 0.34539473684210525 0.06743421052631579
5 0.4342105263157895 0.18914473684210525 0.34375 0.06907894736842106
5 0.4350328947368421 0.21052631578947367 0.34210526315789475 0.06743421052631579
5 0.4375 0.23108552631578946 0.3404605263157895 0.06743421052631579
5 0.4407894736842105 0.2532894736842105 0.3404605263157895 0.06578947368421052
5 0.44243421052631576 0.2738486842105263 0.3404605263157895 0.06907894736842106
5 0.4465460526315789 0.29605263157894735 0.34375 0.06907894736842106
1 0.47368421052631576 0.4662828947368421 0.850328947368421 0.37664473684210525
3 0.46792763157894735 0.3675986842105263 0.7664473684210527 0.13157894736842105
3 0.47039473684210525 0.39226973684210525 0.7648026315789473 0.1299342105263158
3 0.4761513157894737 0.4161184210526316 0.7680921052631579 0.12828947368421054
3 0.4786184210526316 0.4407894736842105 0.7664473684210527 0.12664473684210525
3 0.484375 0.46381578947368424 0.7713815789473685 0.12828947368421054
3 0.48519736842105265 0.4868421052631579 0.7664473684210527 0.12828947368421054
3 0.48930921052631576 0.5098684210526315 0.7680921052631579 0.1299342105263158
3 0.4917763157894737 0.5345394736842105 0.7680921052631579 0.1299342105263158
3 0.49506578947368424 0.5575657894736842 0.7664473684210527 0.1299342105263158
3 0.4975328947368421 0.5814144736842105 0.7648026315789473 0.1299342105263158
2 0.5123355263157895 0.759046052631579 0.8519736842105263 0.40131578947368424
3 0.5106907894736842 0.6726973684210527 0.7664473684210527 0.13157894736842105
3 0.515625 0.6973684210526315 0.7680921052631579 0.1299342105263158
3 0.5189144736842105 0.7212171052631579 0.7664473684210527 0.1299342105263158
3 0.5205592105263158 0.7450657894736842 0.7631578947368421 0.1299342105263158
3 0.5238486842105263 0.7697368421052632 0.7648026315789473 0.12828947368421054
3 0.5279605263157895 0.7935855263157895 0.7664473684210527 0.13157894736842105
3 0.53125 0.8182565789473685 0.7680921052631579 0.12828947368421054
3 0.5345394736842105 0.8404605263157895 0.7648026315789473 0.1299342105263158
3 0.5361842105263158 0.865953947368421 0.7664473684210527 0.1299342105263158
3 0.5394736842105263 0.8889802631578947 0.7648026315789473 0.12664473684210525