0 0.14226973684210525 0.7203947368421053 0.1875 0.03289473684210526
0 0.14309210526315788 0.6957236842105263 0.18914473684210525 0.03125
0 0.14473684210526316 0.6710526315789473 0.19078947368421054 0.03289473684210526
0 0.14720394736842105 0.6463815789473685 0.1875 0.03125
0 0.14967105263157895 0.6217105263157895 0.19078947368421054 0.03125
0 0.14967105263157895 0.5970394736842105 0.1875 0.029605263157894735
0 0.1513157894736842 0.5740131578947368 0.1875 0.03125
0 0.15378289473684212 0.5493421052631579 0.1875 0.029605263157894735
0 0.15625 0.5254934210526315 0.18914473684210525 0.029605263157894735
0 0.15625 0.5016447368421053 0.19078947368421054 0.03125
0 0.15871710526315788 0.4777960526315789 0.18914473684210525 0.03125
0 0.16036184210526316 0.45148026315789475 0.1924342105263158 0.03453947368421053
0 0.1611842105263158 0.4276315789473684 0.19078947368421054 0.03125
0 0.16282894736842105 0.40460526315789475 0.1924342105263158 0.029605263157894735
0 0.16447368421052633 0.37993421052631576 0.18585526315789475 0.029605263157894735
0 0.1669407894736842 0.3569078947368421 0.19078947368421054 0.029605263157894735
0 0.16858552631578946 0.33305921052631576 0.18585526315789475 0.03125
0 0.16940789473684212 0.30838815789473684 0.19407894736842105 0.03125
0 0.171875 0.2837171052631579 0.19901315789473684 0.03453947368421053
0 0.17269736842105263 0.2590460526315789 0.1924342105263158 0.03125
0 0.17434210526315788 0.23601973684210525 0.1924342105263158 0.03289473684210526
0 0.17598684210526316 0.21134868421052633 0.19078947368421054 0.03289473684210526
0 0.17516447368421054 0.18667763157894737 0.19078947368421054 0.029605263157894735
0 0.17598684210526316 0.16282894736842105 0.18585526315789475 0.029605263157894735
0 0.1768092105263158 0.13815789473684212 0.18585526315789475 0.03289473684210526
0 0.3725328947368421 0.7302631578947368 0.1924342105263158 0.029605263157894735
0 0.37417763157894735 0.7055921052631579 0.1924342105263158 0.029605263157894735
0 0.3774671052631579 0.680921052631579 0.19736842105263158 0.029605263157894735
0 0.3782894736842105 0.6578947368421053 0.19572368421052633 0.027960526315789474
0 0.3782894736842105 0.6332236842105263 0.19078947368421054 0.029605263157894735
0 0.37993421052631576 0.609375 0.19078947368421054 0.027960526315789474
0 0.3807565789473684 0.5863486842105263 0.19736842105263158 0.029605263157894735
0 0.3824013157894737 0.5608552631578947 0.1924342105263158 0.029605263157894735
0 0.3832236842105263 0.5361842105263158 0.1924342105263158 0.029605263157894735
0 0.38569078947368424 0.5131578947368421 0.19078947368421054 0.02631578947368421
0 0.3873355263157895 0.48930921052631576 0.1875 0.03125
0 0.3873355263157895 0.46463815789473684 0.19407894736842105 0.027960526315789474
0 0.39144736842105265 0.4407894736842105 0.19078947368421054 0.029605263157894735
0 0.3930921052631579 0.4161184210526316 0.19078947368421054 0.027960526315789474
0 0.3972039473684211 0.39226973684210525 0.1924342105263158 0.03289473684210526
0 0.3988486842105263 0.3675986842105263 0.1924342105263158 0.029605263157894735
0 0.3988486842105263 0.34292763157894735 0.19572368421052633 0.029605263157894735
0 0.40131578947368424 0.3199013157894737 0.19078947368421054 0.027960526315789474
0 0.40213815789473684 0.29523026315789475 0.18914473684210525 0.03125
0 0.40131578947368424 0.27055921052631576 0.19407894736842105 0.02631578947368421
0 0.40213815789473684 0.24671052631578946 0.19572368421052633 0.029605263157894735
0 0.4004934210526316 0.22286184210526316 0.1924342105263158 0.029605263157894735
0 0.4037828947368421 0.1981907894736842 0.19078947368421054 0.029605263157894735
0 0.40625 0.17434210526315788 0.19078947368421054 0.029605263157894735
0 0.40625 0.1513157894736842 0.18914473684210525 0.029605263157894735
0 0.6126644736842105 0.6217105263157895 0.1924342105263158 0.03125
0 0.615953947368421 0.5970394736842105 0.1924342105263158 0.029605263157894735
0 0.6175986842105263 0.5731907894736842 0.19572368421052633 0.027960526315789474
0 0.6167763157894737 0.5493421052631579 0.19736842105263158 0.029605263157894735
0 0.6167763157894737 0.524671052631579 0.19901315789473684 0.03125
0 0.6200657894736842 0.5008223684210527 0.19736842105263158 0.02631578947368421
0 0.6208881578947368 0.4769736842105263 0.19407894736842105 0.029605263157894735
0 0.6225328947368421 0.453125 0.19736842105263158 0.029605263157894735
0 0.6233552631578947 0.4276315789473684 0.19736842105263158 0.03125
0 0.6241776315789473 0.40460526315789475 0.19407894736842105 0.027960526315789474
0 0.6282894736842105 0.37993421052631576 0.19901315789473684 0.029605263157894735
0 0.6282894736842105 0.3560855263157895 0.19407894736842105 0.029605263157894735
0 0.6291118421052632 0.3314144736842105 0.19078947368421054 0.029605263157894735
0 0.631578947368421 0.30756578947368424 0.19407894736842105 0.027960526315789474
0 0.6324013157894737 0.28289473684210525 0.19407894736842105 0.029605263157894735
0 0.6381578947368421 0.2582236842105263 0.19407894736842105 0.029605263157894735
0 0.6398026315789473 0.23519736842105263 0.19572368421052633 0.029605263157894735
0 0.6389802631578947 0.21052631578947367 0.19407894736842105 0.03125
0 0.6381578947368421 0.18585526315789475 0.20065789473684212 0.029605263157894735
0 0.6389802631578947 0.16200657894736842 0.19736842105263158 0.03125
0 0.6069078947368421 0.7425986842105263 0.19736842105263158 0.03125
0 0.6077302631578947 0.7171052631578947 0.19572368421052633 0.03125
0 0.6110197368421053 0.6949013157894737 0.19572368421052633 0.02631578947368421
0 0.6126644736842105 0.6702302631578947 0.19407894736842105 0.027960526315789474
0 0.6126644736842105 0.6463815789473685 0.20065789473684212 0.03125
0 0.8396381578947368 0.7294407894736842 0.20559210526315788 0.029605263157894735
0 0.8388157894736842 0.7055921052631579 0.19407894736842105 0.027960526315789474
0 0.8404605263157895 0.680921052631579 0.19407894736842105 0.027960526315789474
0 0.8421052631578947 0.6587171052631579 0.19407894736842105 0.029605263157894735
0 0.8478618421052632 0.634046052631579 0.20065789473684212 0.027960526315789474
0 0.8495065789473685 0.609375 0.19736842105263158 0.029605263157894735
0 0.8495065789473685 0.584703947368421 0.19407894736842105 0.029605263157894735
0 0.8511513157894737 0.5608552631578947 0.19736842105263158 0.027960526315789474
0 0.850328947368421 0.5370065789473685 0.1924342105263158 0.029605263157894735
0 0.8519736842105263 0.5123355263157895 0.19736842105263158 0.029605263157894735
0 0.8519736842105263 0.48848684210526316 0.19736842105263158 0.029605263157894735
0 0.8544407894736842 0.46381578947368424 0.20065789473684212 0.027960526315789474
0 0.8544407894736842 0.4407894736842105 0.20559210526315788 0.029605263157894735
0 0.8560855263157895 0.41694078947368424 0.19572368421052633 0.027960526315789474
0 0.8577302631578947 0.39226973684210525 0.19736842105263158 0.029605263157894735
0 0.8601973684210527 0.3684210526315789 0.19407894736842105 0.027960526315789474
0 0.8651315789473685 0.34375 0.1924342105263158 0.03125
0 0.8610197368421053 0.3190789473684211 0.19736842105263158 0.027960526315789474
0 0.8651315789473685 0.29605263157894735 0.19572368421052633 0.027960526315789474
0 0.8651315789473685 0.27055921052631576 0.1924342105263158 0.027960526315789474
0 0.868421052631579 0.24753289473684212 0.19078947368421054 0.027960526315789474
0 0.8717105263157895 0.22203947368421054 0.19407894736842105 0.027960526315789474
0 0.8717105263157895 0.19901315789473684 0.18914473684210525 0.027960526315789474
0 0.8717105263157895 0.17434210526315788 0.18914473684210525 0.029605263157894735
0 0.8355263157894737 0.7549342105263158 0.19736842105263158 0.027960526315789474
7 0.09950657894736842 0.044407894736842105 0.08881578947368421 0.03453947368421053