6 0.47944078947368424 0.18338815789473684 0.37335526315789475 0.23766447368421054
5 0.4769736842105263 0.13898026315789475 0.34210526315789475 0.022203947368421052
5 0.4786184210526316 0.16200657894736842 0.3462171052631579 0.019736842105263157
5 0.4777960526315789 0.1825657894736842 0.34457236842105265 0.02055921052631579
5 0.4761513157894737 0.20394736842105263 0.34210526315789475 0.019736842105263157
5 0.4753289473684211 0.22532894736842105 0.3404605263157895 0.019736842105263157
5 0.4753289473684211 0.24753289473684212 0.3404605263157895 0.018914473684210526
5 0.4745065789473684 0.2680921052631579 0.3404605263157895 0.02138157894736842
5 0.4753289473684211 0.2902960526315789 0.34457236842105265 0.02055921052631579
1 0.4786184210526316 0.4629934210526316 0.8207236842105263 0.265625
3 0.4868421052631579 0.36430921052631576 0.7697368421052632 0.024671052631578948
3 0.48601973684210525 0.38898026315789475 0.7697368421052632 0.023026315789473683
3 0.4876644736842105 0.4136513157894737 0.7730263157894737 0.02055921052631579
3 0.4868421052631579 0.43832236842105265 0.7705592105263158 0.018914473684210526
3 0.48930921052631576 0.4621710526315789 0.7754934210526315 0.02055921052631579
3 0.4868421052631579 0.48519736842105265 0.7705592105263158 0.02138157894736842
3 0.4876644736842105 0.5082236842105263 0.7730263157894737 0.023026315789473683
3 0.4868421052631579 0.5328947368421053 0.7730263157894737 0.022203947368421052
3 0.4868421052631579 0.555921052631579 0.7713815789473685 0.023026315789473683
3 0.48601973684210525 0.5805921052631579 0.7689144736842105 0.023848684210526317
2 0.4761513157894737 0.7582236842105263 0.819078947368421 0.2902960526315789
3 0.4868421052631579 0.6726973684210527 0.7705592105263158 0.024671052631578948
3 0.4876644736842105 0.6973684210526315 0.772203947368421 0.023026315789473683
3 0.4876644736842105 0.7220394736842105 0.7713815789473685 0.022203947368421052
3 0.48601973684210525 0.7458881578947368 0.7680921052631579 0.023026315789473683
3 0.48601973684210525 0.7705592105263158 0.7689144736842105 0.022203947368421052
3 0.4868421052631579 0.7944078947368421 0.7713815789473685 0.023848684210526317
3 0.4868421052631579 0.8199013157894737 0.772203947368421 0.02055921052631579
3 0.4868421052631579 0.8421052631578947 0.7697368421052632 0.022203947368421052
3 0.48519736842105265 0.8675986842105263 0.7713815789473685 0.022203947368421052
3 0.48519736842105265 0.890625 0.7689144736842105 0.019736842105263157
4 0.9662828947368421 0.038651315789473686 0.018914473684210526 0.018092105263157895