0 0.11842105263157894 0.2878289473684211 0.17927631578947367 0.05098684210526316
0 0.12171052631578948 0.3100328947368421 0.17927631578947367 0.049342105263157895
0 0.12746710526315788 0.3338815789473684 0.18585526315789475 0.05098684210526316
0 0.13157894736842105 0.3560855263157895 0.17927631578947367 0.049342105263157895
0 0.13815789473684212 0.3782894736842105 0.18585526315789475 0.049342105263157895
0 0.14226973684210525 0.40131578947368424 0.19078947368421054 0.05263157894736842
0 0.14884868421052633 0.42351973684210525 0.19407894736842105 0.054276315789473686
0 0.1513157894736842 0.4473684210526316 0.1875 0.05263157894736842
0 0.15542763157894737 0.46957236842105265 0.19407894736842105 0.05592105263157895
0 0.15871710526315788 0.49506578947368424 0.1825657894736842 0.05263157894736842
0 0.16447368421052633 0.515625 0.18421052631578946 0.049342105263157895
0 0.1669407894736842 0.5386513157894737 0.1875 0.054276315789473686
0 0.17023026315789475 0.5633223684210527 0.18421052631578946 0.05098684210526316
0 0.17351973684210525 0.5863486842105263 0.17927631578947367 0.049342105263157895
0 0.18009868421052633 0.609375 0.1924342105263158 0.054276315789473686
0 0.18174342105263158 0.634046052631579 0.18585526315789475 0.05098684210526316
0 0.18503289473684212 0.65625 0.19078947368421054 0.054276315789473686
0 0.19078947368421054 0.6792763157894737 0.18092105263157895 0.049342105263157895
0 0.19572368421052633 0.7014802631578947 0.18585526315789475 0.05263157894736842
0 0.19654605263157895 0.7245065789473685 0.1825657894736842 0.05098684210526316
0 0.20230263157894737 0.7475328947368421 0.1875 0.05263157894736842
0 0.20559210526315788 0.7705592105263158 0.17927631578947367 0.049342105263157895
0 0.20970394736842105 0.7952302631578947 0.18421052631578946 0.049342105263157895
0 0.21299342105263158 0.8182565789473685 0.18092105263157895 0.05098684210526316
0 0.21792763157894737 0.8404605263157895 0.19078947368421054 0.05098684210526316
0 0.34539473684210525 0.24671052631578946 0.18914473684210525 0.05592105263157895
0 0.3519736842105263 0.26973684210526316 0.19078947368421054 0.047697368421052634
0 0.3560855263157895 0.2911184210526316 0.19572368421052633 0.05098684210526316
0 0.36101973684210525 0.31414473684210525 0.19407894736842105 0.054276315789473686
0 0.36430921052631576 0.3371710526315789 0.1924342105263158 0.05263157894736842
0 0.37417763157894735 0.36019736842105265 0.20230263157894737 0.054276315789473686
0 0.37911184210526316 0.3848684210526316 0.19407894736842105 0.05098684210526316
0 0.3782894736842105 0.40789473684210525 0.18914473684210525 0.05263157894736842
0 0.3824013157894737 0.4317434210526316 0.19736842105263158 0.05263157894736842
0 0.3848684210526316 0.453125 0.18914473684210525 0.05263157894736842
0 0.3881578947368421 0.4777960526315789 0.1875 0.05098684210526316
0 0.3930921052631579 0.5008223684210527 0.1875 0.05098684210526316
0 0.39473684210526316 0.524671052631579 0.1924342105263158 0.054276315789473686
0 0.40460526315789475 0.5444078947368421 0.1924342105263158 0.049342105263157895
0 0.40625 0.5682565789473685 0.1924342105263158 0.054276315789473686
0 0.41036184210526316 0.5921052631578947 0.18914473684210525 0.05263157894736842
0 0.41118421052631576 0.6167763157894737 0.18914473684210525 0.05098684210526316
0 0.41694078947368424 0.6389802631578947 0.18914473684210525 0.05263157894736842
0 0.42269736842105265 0.6620065789473685 0.18585526315789475 0.049342105263157895
0 0.42351973684210525 0.6833881578947368 0.18092105263157895 0.049342105263157895
0 0.4309210526315789 0.709703947368421 0.19572368421052633 0.05592105263157895
0 0.43338815789473684 0.7327302631578947 0.1825657894736842 0.05098684210526316
0 0.43667763157894735 0.7541118421052632 0.1924342105263158 0.05263157894736842
0 0.4432565789473684 0.7771381578947368 0.19078947368421054 0.05263157894736842
0 0.4449013157894737 0.8001644736842105 0.18421052631578946 0.05098684210526316
0 0.578125 0.20641447368421054 0.18585526315789475 0.049342105263157895
0 0.5797697368421053 0.2294407894736842 0.19078947368421054 0.054276315789473686
0 0.5838815789473685 0.2524671052631579 0.19407894736842105 0.05263157894736842
0 0.5888157894736842 0.2754934210526316 0.20230263157894737 0.054276315789473686
0 0.5929276315789473 0.296875 0.19407894736842105 0.05263157894736842
0 0.600328947368421 0.3207236842105263 0.19407894736842105 0.05098684210526316
0 0.6044407894736842 0.34375 0.19572368421052633 0.05263157894736842
0 0.6085526315789473 0.3675986842105263 0.18585526315789475 0.049342105263157895
0 0.6101973684210527 0.390625 0.1875 0.05263157894736842
0 0.6134868421052632 0.4128289473684211 0.1875 0.05098684210526316
0 0.6175986842105263 0.4375 0.19078947368421054 0.05592105263157895
0 0.6217105263157895 0.4605263157894737 0.18914473684210525 0.05098684210526316
0 0.6266447368421053 0.48273026315789475 0.18914473684210525 0.05263157894736842
0 0.6291118421052632 0.5049342105263158 0.19572368421052633 0.05098684210526316
0 0.6365131578947368 0.5279605263157895 0.20065789473684212 0.05263157894736842
0 0.6381578947368421 0.5509868421052632 0.18585526315789475 0.05098684210526316
0 0.6414473684210527 0.5740131578947368 0.19078947368421054 0.05263157894736842
0 0.6463815789473685 0.5978618421052632 0.18421052631578946 0.05098684210526316
0 0.6521381578947368 0.6200657894736842 0.19078947368421054 0.05263157894736842
0 0.6587171052631579 0.6430921052631579 0.19572368421052633 0.05098684210526316
0 0.6636513157894737 0.6661184210526315 0.19901315789473684 0.05098684210526316
0 0.6644736842105263 0.6891447368421053 0.1924342105263158 0.054276315789473686
0 0.6677631578947368 0.7129934210526315 0.18585526315789475 0.05263157894736842
0 0.6726973684210527 0.734375 0.18914473684210525 0.05098684210526316
0 0.6768092105263158 0.759046052631579 0.1924342105263158 0.05098684210526316
0 0.8083881578947368 0.16365131578947367 0.18585526315789475 0.05263157894736842
0 0.8141447368421053 0.1875 0.18914473684210525 0.05098684210526316
0 0.8182565789473685 0.21052631578947367 0.18914473684210525 0.05098684210526316
0 0.8240131578947368 0.23355263157894737 0.1875 0.05263157894736842
0 0.8248355263157895 0.2557565789473684 0.1875 0.05263157894736842
0 0.8297697368421053 0.27960526315789475 0.1875 0.05263157894736842
0 0.834703947368421 0.30180921052631576 0.18914473684210525 0.049342105263157895
0 0.8388157894736842 0.3248355263157895 0.18914473684210525 0.05263157894736842
0 0.8363486842105263 0.34868421052631576 0.1875 0.05098684210526316
0 0.8445723684210527 0.3725328947368421 0.19078947368421054 0.054276315789473686
0 0.8478618421052632 0.3963815789473684 0.1924342105263158 0.05263157894736842
0 0.8519736842105263 0.41776315789473684 0.18914473684210525 0.047697368421052634
0 0.8552631578947368 0.4407894736842105 0.1875 0.049342105263157895
0 0.8577302631578947 0.4662828947368421 0.19078947368421054 0.05263157894736842
0 0.865953947368421 0.4868421052631579 0.19078947368421054 0.05263157894736842
0 0.8692434210526315 0.5098684210526315 0.19078947368421054 0.049342105263157895
0 0.8733552631578947 0.5337171052631579 0.1875 0.05098684210526316
0 0.8799342105263158 0.555921052631579 0.19078947368421054 0.05263157894736842
0 0.8832236842105263 0.5797697368421053 0.19407894736842105 0.05098684210526316
0 0.8873355263157895 0.602796052631579 0.19572368421052633 0.05263157894736842
0 0.890625 0.6258223684210527 0.18585526315789475 0.049342105263157895
0 0.8947368421052632 0.6488486842105263 0.18585526315789475 0.049342105263157895
0 0.8988486842105263 0.671875 0.1924342105263158 0.054276315789473686
0 0.9013157894736842 0.6957236842105263 0.18585526315789475 0.049342105263157895
0 0.90625 0.7162828947368421 0.18585526315789475 0.05098684210526316