6 0.4309210526315789 0.21546052631578946 0.3996710526315789 0.27631578947368424
5 0.42598684210526316 0.14638157894736842 0.36348684210526316 0.0625
5 0.4300986842105263 0.17023026315789475 0.36348684210526316 0.05921052631578947
5 0.4309210526315789 0.1924342105263158 0.3651315789473684 0.05921052631578947
5 0.43338815789473684 0.2138157894736842 0.36348684210526316 0.06085526315789474
5 0.43585526315789475 0.23601973684210525 0.36348684210526316 0.05921052631578947
5 0.43832236842105265 0.2582236842105263 0.36348684210526316 0.05921052631578947
5 0.4399671052631579 0.27960526315789475 0.3618421052631579 0.06085526315789474
5 0.4432565789473684 0.3026315789473684 0.3651315789473684 0.06085526315789474
0 0.12911184210526316 0.3930921052631579 0.1875 0.04111842105263158
0 0.13322368421052633 0.41776315789473684 0.1924342105263158 0.04276315789473684
0 0.1356907894736842 0.44243421052631576 0.18914473684210525 0.04111842105263158
0 0.13815789473684212 0.4662828947368421 0.1875 0.04276315789473684
0 0.13980263157894737 0.4909539473684211 0.18914473684210525 0.04111842105263158
0 0.14226973684210525 0.5148026315789473 0.18914473684210525 0.04111842105263158
0 0.14720394736842105 0.5394736842105263 0.1924342105263158 0.039473684210526314
0 0.14802631578947367 0.5649671052631579 0.18421052631578946 0.03782894736842105
0 0.14967105263157895 0.5888157894736842 0.18585526315789475 0.04111842105263158
0 0.15213815789473684 0.6126644736842105 0.1875 0.03782894736842105
0 0.15460526315789475 0.6373355263157895 0.18421052631578946 0.039473684210526314
0 0.15625 0.6611842105263158 0.1875 0.03782894736842105
0 0.15789473684210525 0.6858552631578947 0.19078947368421054 0.03782894736842105
0 0.16282894736842105 0.709703947368421 0.19572368421052633 0.03782894736842105
0 0.16200657894736842 0.7351973684210527 0.1875 0.03782894736842105
0 0.1669407894736842 0.7582236842105263 0.1875 0.03453947368421053
0 0.16776315789473684 0.7828947368421053 0.18585526315789475 0.03782894736842105
0 0.171875 0.8067434210526315 0.1875 0.03782894736842105
0 0.17434210526315788 0.8314144736842105 0.19078947368421054 0.039473684210526314
0 0.1768092105263158 0.8536184210526315 0.19407894736842105 0.04111842105263158
0 0.17927631578947367 0.8791118421052632 0.19736842105263158 0.03782894736842105
0 0.18338815789473684 0.9029605263157895 0.19736842105263158 0.039473684210526314
0 0.18503289473684212 0.928453947368421 0.19407894736842105 0.03782894736842105
0 0.18914473684210525 0.9498355263157895 0.19572368421052633 0.04111842105263158
0 0.19161184210526316 0.9761513157894737 0.19407894736842105 0.039473684210526314
0 0.35773026315789475 0.3667763157894737 0.1924342105263158 0.044407894736842105
0 0.3569078947368421 0.3963815789473684 0.19572368421052633 0.039473684210526314
0 0.36019736842105265 0.42023026315789475 0.19901315789473684 0.039473684210526314
0 0.36019736842105265 0.4432565789473684 0.19736842105263158 0.039473684210526314
0 0.36348684210526316 0.46875 0.1924342105263158 0.03782894736842105
0 0.3684210526315789 0.4925986842105263 0.19901315789473684 0.04111842105263158
0 0.37006578947368424 0.5172697368421053 0.20065789473684212 0.039473684210526314
0 0.3725328947368421 0.5394736842105263 0.19736842105263158 0.04111842105263158
0 0.37664473684210525 0.5666118421052632 0.19901315789473684 0.039473684210526314
0 0.3807565789473684 0.5904605263157895 0.19901315789473684 0.03782894736842105
0 0.3815789473684211 0.6143092105263158 0.19736842105263158 0.039473684210526314
0 0.3832236842105263 0.6373355263157895 0.20230263157894737 0.04111842105263158
0 0.38569078947368424 0.662828947368421 0.20394736842105263 0.04276315789473684
0 0.3873355263157895 0.6875 0.20888157894736842 0.04111842105263158
0 0.39144736842105265 0.7105263157894737 0.20888157894736842 0.039473684210526314
0 0.39473684210526316 0.734375 0.20559210526315788 0.039473684210526314
0 0.39473684210526316 0.7582236842105263 0.20559210526315788 0.039473684210526314
0 0.3996710526315789 0.7837171052631579 0.20888157894736842 0.04111842105263158
0 0.40213815789473684 0.8075657894736842 0.20888157894736842 0.04111842105263158
0 0.4029605263157895 0.8322368421052632 0.20230263157894737 0.039473684210526314
0 0.40460526315789475 0.8544407894736842 0.20065789473684212 0.04276315789473684
0 0.41036184210526316 0.8807565789473685 0.20230263157894737 0.039473684210526314
0 0.4136513157894737 0.9037828947368421 0.20394736842105263 0.03782894736842105
0 0.4144736842105263 0.9292763157894737 0.20230263157894737 0.03782894736842105
0 0.41694078947368424 0.9539473684210527 0.20394736842105263 0.04111842105263158
0 0.5838815789473685 0.34786184210526316 0.19407894736842105 0.04111842105263158
0 0.5879934210526315 0.37088815789473684 0.19407894736842105 0.03782894736842105
0 0.5912828947368421 0.39555921052631576 0.20065789473684212 0.04276315789473684
0 0.5929276315789473 0.42023026315789475 0.19736842105263158 0.03618421052631579
0 0.5953947368421053 0.44243421052631576 0.19736842105263158 0.039473684210526314
0 0.5978618421052632 0.4662828947368421 0.19407894736842105 0.04111842105263158
0 0.602796052631579 0.4917763157894737 0.19901315789473684 0.039473684210526314
0 0.6044407894736842 0.515625 0.19736842105263158 0.039473684210526314
0 0.6077302631578947 0.540296052631579 0.19736842105263158 0.039473684210526314
0 0.6101973684210527 0.5649671052631579 0.19901315789473684 0.03782894736842105
0 0.6126644736842105 0.5879934210526315 0.20065789473684212 0.039473684210526314
0 0.615953947368421 0.6118421052631579 0.20065789473684212 0.04111842105263158
0 0.6175986842105263 0.6373355263157895 0.19572368421052633 0.039473684210526314
0 0.6200657894736842 0.6603618421052632 0.19736842105263158 0.03782894736842105
0 0.6225328947368421 0.6850328947368421 0.19736842105263158 0.039473684210526314
0 0.6258223684210527 0.7088815789473685 0.19407894736842105 0.04276315789473684
0 0.6307565789473685 0.7335526315789473 0.19572368421052633 0.03782894736842105
0 0.6291118421052632 0.7582236842105263 0.18914473684210525 0.03782894736842105
0 0.6324013157894737 0.78125 0.1924342105263158 0.039473684210526314
0 0.6381578947368421 0.805921052631579 0.19901315789473684 0.039473684210526314
0 0.6414473684210527 0.8297697368421053 0.19572368421052633 0.04111842105263158
0 0.6430921052631579 0.8544407894736842 0.20065789473684212 0.039473684210526314
0 0.6447368421052632 0.8782894736842105 0.20065789473684212 0.039473684210526314
0 0.6488486842105263 0.9029605263157895 0.19901315789473684 0.039473684210526314
0 0.6463815789473685 0.9268092105263158 0.1924342105263158 0.039473684210526314
0 0.8157894736842105 0.3223684210526316 0.19572368421052633 0.039473684210526314
0 0.8174342105263158 0.3470394736842105 0.19407894736842105 0.039473684210526314
0 0.821546052631579 0.37088815789473684 0.19407894736842105 0.03782894736842105
0 0.8199013157894737 0.3963815789473684 0.18914473684210525 0.039473684210526314
0 0.8240131578947368 0.4194078947368421 0.19407894736842105 0.039473684210526314
0 0.8273026315789473 0.4432565789473684 0.1924342105263158 0.039473684210526314
0 0.8297697368421053 0.46710526315789475 0.19407894736842105 0.04276315789473684
0 0.8355263157894737 0.4917763157894737 0.19736842105263158 0.03782894736842105
0 0.834703947368421 0.5164473684210527 0.19407894736842105 0.03782894736842105
0 0.8379934210526315 0.5386513157894737 0.1924342105263158 0.044407894736842105
0 0.8388157894736842 0.5649671052631579 0.1924342105263158 0.04111842105263158
0 0.8470394736842105 0.5888157894736842 0.19901315789473684 0.03782894736842105
0 0.8478618421052632 0.6110197368421053 0.19736842105263158 0.039473684210526314
0 0.8519736842105263 0.6365131578947368 0.19572368421052633 0.039473684210526314
0 0.852796052631579 0.6620065789473685 0.19572368421052633 0.039473684210526314
0 0.8577302631578947 0.6850328947368421 0.19736842105263158 0.039473684210526314
0 0.8601973684210527 0.7105263157894737 0.19736842105263158 0.039473684210526314
0 0.8643092105263158 0.7335526315789473 0.20559210526315788 0.04111842105263158
0 0.8651315789473685 0.7582236842105263 0.19736842105263158 0.039473684210526314
0 0.8651315789473685 0.78125 0.19901315789473684 0.039473684210526314
0 0.8667763157894737 0.8067434210526315 0.1924342105263158 0.039473684210526314
0 0.8692434210526315 0.8305921052631579 0.1924342105263158 0.03782894736842105
0 0.875 0.8544407894736842 0.19572368421052633 0.03782894736842105
0 0.8782894736842105 0.8782894736842105 0.19407894736842105 0.039473684210526314
0 0.8832236842105263 0.9021381578947368 0.20394736842105263 0.04111842105263158